;FLEX.CAPR.U RT,%;BICEPS BR. RT,%;BRACHIORAD. RT,%;LAT. TRICEPS RT,%
0;1.601;3.119;12.09;0.9943
1;1.603;3.133;12.2;0.9909
2;1.606;3.146;12.23;0.9943
3;1.606;3.16;12.23;0.9943
4;1.612;3.175;12.26;0.9943
5;1.615;3.194;12.29;0.9943
6;1.617;3.207;12.29;0.9977
7;1.619;3.213;12.3;0.9943
8;1.619;3.217;12.3;0.9943
9;1.618;3.217;12.3;0.9943
10;1.619;3.225;12.3;0.9943
11;1.619;3.244;12.31;0.9943
12;1.619;3.269;12.31;0.9977
13;1.619;3.305;12.32;0.9977
14;1.621;3.351;12.33;0.9977
15;1.628;3.387;12.33;1.001
16;1.631;3.41;12.33;1.008
17;1.632;3.418;12.33;1.021
18;1.634;3.418;12.36;1.045
19;1.639;3.416;12.38;1.069
20;1.646;3.41;12.38;1.086
21;1.655;3.41;12.38;1.093
22;1.656;3.406;12.39;1.099
23;1.656;3.404;12.4;1.103
24;1.657;3.404;12.4;1.103
25;1.664;3.402;12.4;1.103
26;1.677;3.4;12.4;1.103
27;1.678;3.4;12.41;1.103
28;1.687;3.4;12.44;1.103
29;1.712;3.398;12.5;1.11
30;1.721;3.398;12.56;1.116
31;1.721;3.4;12.59;1.12
32;1.719;3.402;12.65;1.12
33;1.718;3.404;12.82;1.12
34;1.719;3.408;13.11;1.123
35;1.725;3.412;13.5;1.127
36;1.738;3.408;13.79;1.127
37;1.741;3.406;13.85;1.127
38;1.742;3.406;13.85;1.127
39;1.742;3.406;13.92;1.127
40;1.742;3.404;14.09;1.127
41;1.747;3.402;14.27;1.127
42;1.751;3.402;14.37;1.127
43;1.756;3.402;14.42;1.133
44;1.764;3.4;14.44;1.133
45;1.766;3.4;14.44;1.133
46;1.765;3.4;14.46;1.133
47;1.766;3.4;14.46;1.133
48;1.768;3.4;14.49;1.133
49;1.769;3.4;14.52;1.14
50;1.767;3.398;14.58;1.15
51;1.766;3.398;14.67;1.154
52;1.767;3.4;14.72;1.178
53;1.767;3.4;14.73;1.273
54;1.768;3.4;14.73;1.405
55;1.769;3.406;14.74;1.5
56;1.773;3.421;14.75;1.551
57;1.781;3.439;14.75;1.564
58;1.783;3.45;14.79;1.568
59;1.784;3.46;14.89;1.568
60;1.785;3.463;14.99;1.575
61;1.785;3.465;15.05;1.602
62;1.785;3.471;15.07;1.649
63;1.789;3.481;15.09;1.724
64;1.791;3.488;15.09;1.839
65;1.793;3.492;15.09;1.941
66;1.808;3.492;15.15;1.978
67;1.82;3.49;15.24;1.978
68;1.819;3.49;15.35;1.992
69;1.819;3.488;15.44;2.039
70;1.832;3.488;15.46;2.104
71;1.845;3.492;15.46;2.165
72;1.85;3.496;15.46;2.216
73;1.849;3.496;15.48;2.257
74;1.85;3.492;15.57;2.284
75;1.862;3.488;15.64;2.294
76;1.874;3.486;15.64;2.294
77;1.875;3.49;15.71;2.294
78;1.875;3.496;15.86;2.294
79;1.875;3.502;15.95;2.294
80;1.874;3.504;15.98;2.297
81;1.876;3.504;16.01;2.311
82;1.875;3.507;16.02;2.335
83;1.875;3.513;16.28;2.352
84;1.886;3.515;16.68;2.352
85;1.894;3.511;16.8;2.352
86;1.899;3.509;16.8;2.358
87;1.904;3.511;16.8;2.365
88;1.908;3.517;16.8;2.365
89;1.913;3.521;16.8;2.372
90;1.92;3.521;16.81;2.382
91;1.93;3.519;16.82;2.386
92;1.941;3.523;16.82;2.399
93;1.948;3.534;16.82;2.453
94;1.948;3.542;16.81;2.548
95;1.948;3.544;16.81;2.644
96;1.949;3.544;16.82;2.735
97;1.956;3.544;16.82;2.8
98;1.958;3.546;16.82;2.837
99;1.958;3.548;16.83;2.854
100;1.959;3.548;16.84;2.854
101;1.958;3.553;16.86;2.871
102;1.96;3.565;16.88;2.922
103;1.968;3.582;16.88;2.99
104;1.974;3.605;16.86;3.064
105;1.974;3.624;16.83;3.129
106;1.976;3.643;16.84;3.173
107;1.982;3.66;16.85;3.203
108;1.982;3.668;16.85;3.217
109;1.989;3.674;16.86;3.22
110;1.993;3.681;16.88;3.22
111;1.995;3.691;16.88;3.22
112;1.998;3.697;16.89;3.224
113;2.004;3.702;16.91;3.234
114;2.013;3.708;16.98;3.234
115;2.021;3.708;17.03;3.237
116;2.024;3.704;17.06;3.254
117;2.026;3.7;17.08;3.278
118;2.027;3.697;17.11;3.305
119;2.027;3.691;17.12;3.343
120;2.027;3.681;17.12;3.366
121;2.027;3.678;17.13;3.376
122;2.027;3.681;17.13;3.38
123;2.035;3.697;17.14;3.38
124;2.061;3.712;17.15;3.4
125;2.114;3.737;17.18;3.495
126;2.215;3.788;17.23;3.665
127;2.352;3.834;17.28;3.838
128;2.465;3.851;17.29;3.943
129;2.538;3.863;17.29;3.967
130;2.592;3.873;17.3;3.97
131;2.628;3.874;17.3;3.97
132;2.659;3.874;17.3;3.97
133;2.687;3.876;17.3;3.97
134;2.695;3.878;17.3;3.97
135;2.695;3.882;17.35;3.97
136;2.701;3.89;17.39;3.974
137;2.712;3.903;17.4;3.991
138;2.75;3.916;17.42;3.997
139;2.848;3.928;17.42;4.008
140;2.964;3.936;17.42;4.045
141;2.995;3.936;17.51;4.076
142;2.996;3.947;17.73;4.079
143;2.999;4.002;17.85;4.079
144;3.0;4.094;17.87;4.079
145;3.009;4.197;17.88;4.082
146;3.034;4.291;17.89;4.082
147;3.073;4.369;17.91;4.086
148;3.126;4.431;17.98;4.103
149;3.189;4.48;18.04;4.12
150;3.264;4.513;18.05;4.12
151;3.369;4.534;18.05;4.126
152;3.465;4.561;18.05;4.157
153;3.508;4.595;18.05;4.242
154;3.512;4.633;18.05;4.398
155;3.517;4.664;18.05;4.574
156;3.542;4.673;18.05;4.734
157;3.577;4.675;18.05;4.829
158;3.621;4.712;18.06;4.853
159;3.667;4.805;18.08;4.853
160;3.72;4.912;18.09;4.876
161;3.793;5.023;18.09;4.924
162;3.914;5.178;18.09;4.975
163;4.073;5.402;18.09;5.07
164;4.242;5.685;18.1;5.236
165;4.4;6.006;18.1;5.338
166;4.52;6.287;18.11;5.348
167;4.604;6.491;18.11;5.351
168;4.682;6.646;18.13;5.362
169;4.758;6.738;18.13;5.362
170;4.805;6.757;18.14;5.362
171;4.832;6.755;18.21;5.385
172;4.854;6.774;18.23;5.48
173;4.863;6.843;18.24;5.596
174;4.866;6.977;18.27;5.704
175;4.875;7.154;18.29;5.881
176;4.892;7.351;18.3;6.19
177;4.897;7.56;18.3;6.658
178;4.897;7.778;18.32;7.248
179;4.898;7.984;18.31;7.802
180;4.905;8.144;18.37;8.205
181;4.918;8.257;18.47;8.548
182;4.926;8.324;18.51;8.803
183;4.93;8.347;18.53;8.847
184;4.931;8.349;18.53;8.874
185;4.931;8.349;18.53;9.077
186;4.931;8.355;18.54;9.481
187;4.932;8.364;18.59;9.851
188;4.932;8.374;18.68;10.05
189;4.934;8.383;18.73;10.26
190;4.94;8.387;18.73;10.57
191;4.95;8.385;18.75;10.78
192;4.957;8.385;18.76;10.89
193;4.957;8.385;18.76;10.95
194;4.958;8.385;18.76;10.99
195;4.962;8.395;18.78;10.99
196;4.969;8.412;18.85;11.11
197;4.972;8.427;18.89;12.15
198;4.973;8.441;18.89;14.23
199;4.972;8.446;18.87;15.93
200;4.972;8.446;18.86;16.84
201;4.974;8.481;18.85;17.2
202;4.975;8.569;18.84;17.22
203;4.98;8.71;18.83;17.39
204;5.002;8.833;18.83;18.13
205;5.027;8.877;18.84;19.13
206;5.034;8.878;18.83;19.86
207;5.034;8.882;18.84;20.18
208;5.034;8.905;18.89;20.26
209;5.034;8.951;18.94;20.34
210;5.035;8.989;18.96;20.57
211;5.034;9.024;19.0;20.84
212;5.034;9.077;19.03;20.88
213;5.036;9.158;19.02;20.91
214;5.041;9.253;19.03;21.01
215;5.044;9.333;19.03;21.1
216;5.044;9.396;19.04;21.15
217;5.044;9.44;19.04;21.15
218;5.051;9.456;19.05;21.15
219;5.058;9.456;19.07;21.21
220;5.059;9.461;19.07;21.39
221;5.061;9.465;19.07;21.48
222;5.062;9.465;19.08;21.48
223;5.062;9.467;19.09;21.58
224;5.061;9.467;19.09;21.75
225;5.061;9.467;19.1;22.0
226;5.061;9.473;19.1;22.17
227;5.062;9.482;19.1;22.18
228;5.061;9.507;19.12;22.18
229;5.061;9.536;19.18;22.18
230;5.063;9.563;19.2;22.2
231;5.084;9.603;19.21;22.58
232;5.093;9.649;19.22;23.38
233;5.094;9.689;19.3;23.89
234;5.097;9.712;19.37;23.99
235;5.101;9.712;19.39;24.01
236;5.103;9.721;19.43;24.28
237;5.104;9.735;19.51;24.83
238;5.105;9.735;19.51;25.35
239;5.105;9.731;19.57;25.82
240;5.105;9.735;19.6;26.19
241;5.105;9.762;19.6;26.28
242;5.109;9.798;19.64;26.29
243;5.119;9.821;19.72;26.35
244;5.122;9.832;19.79;26.44
245;5.121;9.836;19.85;26.58
246;5.12;9.836;19.9;26.83
247;5.119;9.834;19.93;27.16
248;5.118;9.842;19.96;27.53
249;5.117;9.869;19.96;27.75
250;5.116;9.874;19.97;27.78
251;5.114;9.872;19.97;27.78
252;5.115;9.874;19.97;27.79
253;5.115;9.878;19.97;27.83
254;5.116;9.878;19.97;27.87
255;5.116;9.88;19.98;27.91
256;5.116;9.882;19.98;27.94
257;5.116;9.893;19.99;27.95
258;5.116;9.957;20.0;28.07
259;5.118;10.05;20.0;28.18
260;5.119;10.12;20.0;28.22
261;5.12;10.14;20.03;28.23
262;5.126;10.14;20.12;28.25
263;5.139;10.14;20.14;28.43
264;5.151;10.14;20.19;28.91
265;5.154;10.15;20.41;29.62
266;5.155;10.17;20.62;30.14
267;5.159;10.2;20.65;30.23
268;5.16;10.23;20.67;30.23
269;5.16;10.27;20.68;30.25
270;5.161;10.35;20.65;30.31
271;5.161;10.5;20.62;30.55
272;5.164;10.65;20.56;31.12
273;5.168;10.71;20.47;31.62
274;5.167;10.71;20.34;31.69
275;5.169;10.79;20.28;31.72
276;5.172;10.95;20.29;31.78
277;5.173;11.11;20.31;31.85
278;5.17;11.24;20.3;31.94
279;5.167;11.36;20.27;31.97
280;5.163;11.45;20.18;31.99
281;5.157;11.51;20.02;32.14
282;5.157;11.55;19.86;32.41
283;5.155;11.63;19.76;32.6
284;5.154;11.74;19.73;32.69
285;5.154;11.84;19.74;32.71
286;5.154;11.9;19.75;32.71
287;5.156;11.93;19.75;32.72
288;5.159;11.94;19.75;32.75
289;5.159;11.94;19.75;32.81
290;5.159;11.95;19.75;32.86
291;5.159;11.96;19.74;32.88
292;5.16;11.96;19.74;32.9
293;5.161;11.96;19.74;32.95
294;5.161;11.97;19.72;32.95
295;5.161;11.97;19.72;32.98
296;5.162;11.99;19.71;32.98
297;5.162;12.03;19.7;33.3
298;5.162;12.14;19.69;34.14
299;5.162;12.28;19.69;34.74
300;5.165;12.38;19.69;34.87
301;5.165;12.43;19.71;34.88
302;5.163;12.44;19.74;34.94
303;5.16;12.44;19.77;35.28
304;5.16;12.44;19.77;35.67
305;5.162;12.44;19.79;35.78
306;5.165;12.44;19.79;35.78
307;5.166;12.45;19.78;35.8
308;5.166;12.46;19.78;35.82
309;5.165;12.47;19.76;35.88
310;5.168;12.47;19.75;35.99
311;5.168;12.47;19.74;36.1
312;5.168;12.47;19.75;36.14
313;5.17;12.47;19.75;36.14
314;5.17;12.49;19.75;36.17
315;5.17;12.52;19.71;36.29
316;5.17;12.56;19.65;36.41
317;5.17;12.58;19.57;36.43
318;5.17;12.59;19.49;36.43
319;5.172;12.59;19.44;36.43
320;5.172;12.59;19.42;36.44
321;5.171;12.61;19.42;36.48
322;5.17;12.64;19.4;36.5
323;5.167;12.66;19.39;36.52
324;5.166;12.66;19.39;36.54
325;5.166;12.66;19.39;36.55
326;5.166;12.66;19.38;36.75
327;5.166;12.67;19.38;37.03
328;5.166;12.68;19.36;37.1
329;5.166;12.69;19.32;37.1
330;5.166;12.7;19.26;37.11
331;5.166;12.7;19.24;37.11
332;5.166;12.71;19.24;37.11
333;5.166;12.71;19.24;37.11
334;5.169;12.71;19.22;37.13
335;5.172;12.72;19.21;37.2
336;5.173;12.73;19.2;37.21
337;5.173;12.73;19.19;37.25
338;5.177;12.73;19.19;37.42
339;5.184;12.73;19.2;37.71
340;5.185;12.73;19.25;37.95
341;5.187;12.73;19.26;38.01
342;5.19;12.74;19.25;38.02
343;5.194;12.75;19.27;38.02
344;5.195;12.75;19.3;38.11
345;5.196;12.76;19.3;38.34
346;5.199;12.76;19.35;38.5
347;5.2;12.77;19.4;38.58
348;5.206;12.76;19.42;38.62
349;5.208;12.81;19.44;38.71
350;5.203;12.92;19.43;39.66
351;5.198;12.96;19.42;40.7
352;5.198;12.96;19.42;40.98
353;5.196;12.99;19.42;40.98
354;5.198;13.02;19.42;41.01
355;5.201;13.05;19.46;41.09
356;5.2;13.07;19.48;41.17
357;5.203;13.07;19.5;41.25
358;5.204;13.07;19.51;41.28
359;5.202;13.12;19.52;41.32
360;5.203;13.26;19.58;41.48
361;5.204;13.37;19.61;41.56
362;5.202;13.39;19.62;41.59
363;5.206;13.39;19.61;41.61
364;5.209;13.39;19.66;41.62
365;5.208;13.39;19.74;41.65
366;5.207;13.39;19.74;41.67
367;5.206;13.38;19.75;41.67
368;5.205;13.39;19.75;41.67
369;5.205;13.38;19.78;41.68
370;5.205;13.39;19.88;41.79
371;5.204;13.39;19.9;42.13
372;5.205;13.39;19.89;42.4
373;5.203;13.39;19.89;42.53
374;5.202;13.39;19.89;42.64
375;5.202;13.4;19.9;42.72
376;5.202;13.4;19.9;42.75
377;5.203;13.41;19.9;42.75
378;5.205;13.4;19.91;42.83
379;5.204;13.4;19.91;43.06
380;5.205;13.4;19.91;43.33
381;5.209;13.42;19.91;43.56
382;5.209;13.44;19.94;43.7
383;5.208;13.48;19.96;43.73
384;5.205;13.51;19.96;43.75
385;5.205;13.51;19.97;43.87
386;5.211;13.51;19.97;43.94
387;5.222;13.53;19.97;43.94
388;5.229;13.56;19.98;43.94
389;5.235;13.58;19.97;43.94
390;5.237;13.59;19.96;43.98
391;5.239;13.59;19.98;44.15
392;5.248;13.59;19.99;44.33
393;5.252;13.61;19.99;44.49
394;5.253;13.69;19.99;44.55
395;5.254;13.87;19.99;44.55
396;5.255;14.0;19.99;44.56
397;5.254;14.05;19.96;44.6
398;5.257;14.07;19.93;44.72
399;5.265;14.07;19.88;44.83
400;5.266;14.09;19.85;44.87
401;5.264;14.11;19.84;44.93
402;5.257;14.14;19.83;44.94
403;5.251;14.19;19.83;44.96
404;5.254;14.23;19.85;44.99
405;5.251;14.24;19.86;44.99
406;5.248;14.24;19.86;45.0
407;5.248;14.25;19.88;45.04
408;5.249;14.26;19.91;45.09
409;5.248;14.27;19.96;45.12
410;5.249;14.27;19.99;45.12
411;5.25;14.27;19.99;45.13
412;5.25;14.27;19.99;45.19
413;5.25;14.27;20.04;45.25
414;5.249;14.28;20.08;45.28
415;5.249;14.28;20.08;45.29
416;5.249;14.28;20.08;45.32
417;5.25;14.28;20.08;45.44
418;5.25;14.28;20.07;45.49
419;5.249;14.29;20.07;45.49
420;5.249;14.31;20.06;45.51
421;5.248;14.32;20.06;45.52
422;5.248;14.33;20.06;45.52
423;5.248;14.34;20.06;45.52
424;5.249;14.35;20.09;45.52
425;5.251;14.35;20.11;45.52
426;5.251;14.35;20.11;45.52
427;5.251;14.35;20.12;45.54
428;5.251;14.35;20.13;45.55
429;5.25;14.35;20.14;45.56
430;5.25;14.35;20.14;45.62
431;5.249;14.35;20.19;45.71
432;5.249;14.35;20.25;45.79
433;5.249;14.36;20.25;45.84
434;5.249;14.4;20.23;45.84
435;5.249;14.46;20.18;45.84
436;5.248;14.48;20.14;45.85
437;5.249;14.48;20.24;45.85
438;5.25;14.48;20.34;45.86
439;5.248;14.48;20.37;45.9
440;5.245;14.49;20.38;45.94
441;5.246;14.5;20.37;45.98
442;5.246;14.52;20.4;46.0
443;5.246;14.54;20.41;46.01
444;5.246;14.55;20.4;46.02
445;5.246;14.56;20.4;46.02
446;5.246;14.59;20.4;46.04
447;5.244;14.6;20.39;46.07
448;5.243;14.6;20.37;46.1
449;5.243;14.6;20.28;46.11
450;5.243;14.6;20.16;46.12
451;5.243;14.6;20.07;46.12
452;5.243;14.59;20.01;46.19
453;5.244;14.59;20.01;46.27
454;5.245;14.6;20.02;46.28
455;5.243;14.63;20.0;46.28
456;5.246;14.65;19.99;46.29
457;5.247;14.66;19.98;46.3
458;5.247;14.67;19.99;46.4
459;5.253;14.68;19.99;46.55
460;5.268;14.68;20.02;46.69
461;5.304;14.68;20.05;46.86
462;5.337;14.68;20.05;47.26
463;5.345;14.67;20.05;47.86
464;5.346;14.67;20.05;48.13
465;5.346;14.69;20.05;48.15
466;5.35;14.75;20.05;48.15
467;5.353;14.78;20.05;48.15
468;5.354;14.82;20.05;48.27
469;5.357;14.88;20.03;48.73
470;5.358;14.93;20.02;49.25
471;5.355;14.95;20.02;49.42
472;5.356;14.95;20.05;49.42
473;5.363;14.96;20.08;49.5
474;5.363;14.97;20.07;49.62
475;5.367;14.97;20.07;49.72
476;5.365;14.97;20.08;49.79
477;5.362;14.99;20.08;49.82
478;5.363;15.05;20.08;49.82
479;5.361;15.09;20.07;49.82
480;5.353;15.09;20.03;49.88
481;5.353;15.12;20.0;50.13
482;5.365;15.15;19.98;50.36
483;5.373;15.16;19.94;50.37
484;5.373;15.2;19.84;50.67
485;5.373;15.3;19.65;51.66
486;5.372;15.31;19.38;52.41
487;5.37;15.38;19.18;52.62
488;5.369;15.59;19.14;52.67
489;5.369;15.81;19.15;52.7
490;5.371;15.94;19.1;52.73
491;5.374;16.01;18.98;52.76
492;5.378;16.04;18.85;52.82
493;5.378;16.06;18.78;52.86
494;5.377;16.06;18.76;52.87
495;5.375;16.07;18.87;52.87
496;5.376;16.07;18.96;52.87
497;5.377;16.07;18.96;52.88
498;5.378;16.07;18.98;52.94
499;5.379;16.07;19.01;53.04
500;5.379;16.09;18.98;53.07
501;5.388;16.13;18.98;53.07
502;5.402;16.17;18.91;53.07
503;5.407;16.22;18.97;53.07
504;5.407;16.28;19.01;53.07
505;5.416;16.34;19.01;53.1
506;5.428;16.37;19.03;53.31
507;5.44;16.38;19.07;53.67
508;5.446;16.38;19.2;53.92
509;5.446;16.39;19.3;54.04
510;5.446;16.4;19.26;54.05
511;5.447;16.42;19.18;54.14
512;5.447;16.43;19.14;54.53
513;5.452;16.43;19.14;54.79
514;5.452;16.45;19.14;54.82
515;5.451;16.5;19.15;54.82
516;5.451;16.53;19.16;54.82
517;5.446;16.54;19.12;54.82
518;5.441;16.55;19.05;54.83
519;5.44;16.55;18.96;54.84
520;5.44;16.55;18.88;54.87
521;5.435;16.56;18.87;54.89
522;5.431;16.56;18.88;54.89
523;5.43;16.56;18.9;55.13
524;5.43;16.56;18.9;55.7
525;5.431;16.56;18.82;56.08
526;5.431;16.57;18.76;56.23
527;5.435;16.58;18.76;56.29
528;5.438;16.59;18.7;56.36
529;5.439;16.6;18.58;57.28
530;5.439;16.6;18.53;58.39
531;5.439;16.61;18.51;58.74
532;5.45;16.64;18.48;58.78
533;5.463;16.66;18.48;58.78
534;5.464;16.66;18.25;58.78
535;5.46;16.66;17.89;58.84
536;5.458;16.69;17.79;58.94
537;5.457;16.72;17.79;59.01
538;5.455;16.73;17.79;59.04
539;5.453;16.74;17.79;59.06
540;5.451;16.74;17.78;59.07
541;5.448;16.74;17.78;59.08
542;5.448;16.74;17.78;59.08
543;5.444;16.74;17.77;59.08
544;5.443;16.74;17.77;59.08
545;5.444;16.75;17.77;59.09
546;5.444;16.76;17.77;59.1
547;5.443;16.77;17.76;59.1
548;5.441;16.78;17.76;59.11
549;5.44;16.79;17.77;59.13
550;5.442;16.79;17.82;59.2
551;5.448;16.8;17.82;59.37
552;5.461;16.81;17.85;59.54
553;5.472;16.81;18.13;59.64
554;5.471;16.8;18.37;59.64
555;5.469;16.8;18.46;59.66
556;5.471;16.8;18.5;59.76
557;5.477;16.8;18.48;59.86
558;5.486;16.8;18.51;59.9
559;5.497;16.83;18.57;59.91
560;5.502;16.86;18.56;59.91
561;5.5;16.86;18.55;59.92
562;5.5;16.86;18.55;59.93
563;5.5;16.86;18.55;59.93
564;5.5;16.86;18.53;59.93
565;5.497;16.87;18.47;59.93
566;5.496;16.9;18.42;59.94
567;5.495;16.9;18.41;59.94
568;5.495;16.9;18.4;59.94
569;5.495;16.91;18.37;59.95
570;5.495;16.92;18.36;60.09
571;5.495;16.92;18.39;60.41
572;5.495;16.92;18.39;60.76
573;5.495;16.93;18.39;61.07
574;5.492;16.92;18.38;61.27
575;5.482;16.92;18.36;61.28
576;5.462;16.93;18.34;61.32
577;5.424;16.95;18.29;61.4
578;5.366;16.95;18.25;61.42
579;5.316;16.94;18.23;61.42
580;5.283;16.94;18.23;61.47
581;5.261;16.93;18.23;61.71
582;5.25;16.93;18.23;61.94
583;5.239;16.93;18.23;62.01
584;5.225;16.94;18.24;62.02
585;5.221;16.94;18.24;62.03
586;5.222;16.95;18.19;62.27
587;5.22;16.96;18.16;62.72
588;5.214;16.96;18.15;62.95
589;5.195;17.0;18.14;62.99
590;5.141;17.04;18.14;63.0
591;5.081;17.06;18.18;63.01
592;5.066;17.06;18.11;63.01
593;5.066;17.06;17.91;63.01
594;5.064;17.05;17.86;63.02
595;5.063;17.05;17.84;63.03
596;5.058;17.05;17.84;63.03
597;5.045;17.05;17.83;63.1
598;5.023;17.04;17.82;63.48
599;4.989;17.03;17.84;64.15
600;4.95;17.02;17.89;64.81
601;4.901;17.01;17.9;65.48
602;4.829;17.01;17.9;65.9
603;4.761;17.05;17.91;65.92
604;4.73;17.12;17.91;67.09
605;4.731;17.14;17.91;68.43
606;4.734;17.14;17.91;68.75
607;4.72;17.18;17.94;68.77
608;4.699;17.27;18.05;68.77
609;4.672;17.35;18.08;68.78
610;4.635;17.41;18.08;68.81
611;4.6;17.44;18.09;68.86
612;4.542;17.44;18.09;68.89
613;4.439;17.41;18.14;68.93
614;4.294;17.35;18.14;68.96
615;4.127;17.27;18.15;68.96
616;3.958;17.17;18.15;68.96
617;3.82;17.07;18.14;68.96
618;3.72;17.0;18.15;68.97
619;3.621;16.94;18.17;68.97
620;3.521;16.9;18.18;68.97
621;3.456;16.89;18.17;68.97
622;3.418;16.89;18.11;68.97
623;3.387;16.89;18.11;68.96
624;3.374;16.88;18.1;68.96
625;3.372;16.84;18.07;68.96
626;3.36;16.78;18.06;68.95
627;3.337;16.72;18.04;68.93
628;3.329;16.64;18.04;68.89
629;3.328;16.56;18.02;68.83
630;3.327;16.48;18.02;68.77
631;3.317;16.43;17.95;68.73
632;3.3;16.42;17.85;68.72
633;3.287;16.41;17.8;68.7
634;3.279;16.4;17.78;68.69
635;3.28;16.4;17.78;68.7
636;3.282;16.42;17.78;68.7
637;3.282;16.42;17.77;68.65
638;3.281;16.42;17.72;68.62
639;3.282;16.42;17.62;68.65
640;3.279;16.41;17.57;68.77
641;3.27;16.41;17.57;68.92
642;3.255;16.41;17.56;69.08
643;3.248;16.41;17.55;69.16
644;3.251;16.42;17.54;69.16
645;3.256;16.48;17.54;69.21
646;3.254;16.59;17.53;69.4
647;3.249;16.65;17.46;69.55
648;3.245;16.64;17.41;69.41
649;3.244;16.66;17.41;69.02
650;3.245;16.7;17.42;68.64
651;3.245;16.74;17.44;68.46
652;3.242;16.74;17.44;68.63
653;3.239;16.7;17.43;69.2
654;3.232;16.63;17.43;69.72
655;3.2;16.57;17.42;69.87
656;3.158;16.57;17.42;69.69
657;3.145;16.69;17.42;69.54
658;3.144;16.91;17.41;70.01
659;3.145;17.03;17.35;70.65
660;3.148;17.01;17.3;70.89
661;3.152;17.03;17.27;70.87
662;3.154;17.11;17.23;70.8
663;3.154;17.18;17.2;70.79
664;3.151;17.21;17.21;70.8
665;3.145;17.22;17.27;70.78
666;3.146;17.22;17.33;70.77
667;3.152;17.21;17.33;70.76
668;3.158;17.2;17.33;70.76
669;3.147;17.2;17.32;70.76
670;3.136;17.2;17.31;70.75
671;3.134;17.2;17.31;70.7
672;3.132;17.2;17.3;70.67
673;3.13;17.21;17.29;70.68
674;3.13;17.23;17.28;70.65
675;3.132;17.25;17.29;70.6
676;3.131;17.29;17.31;70.58
677;3.132;17.32;17.32;70.64
678;3.132;17.36;17.32;70.74
679;3.132;17.39;17.29;70.79
680;3.132;17.42;17.24;70.81
681;3.129;17.48;17.22;70.81
682;3.097;17.57;17.23;70.8
683;3.094;17.67;17.22;70.8
684;3.116;17.72;17.14;70.78
685;3.119;17.71;17.06;70.76
686;3.113;17.72;17.04;70.76
687;3.114;17.75;17.0;70.67
688;3.113;17.79;16.93;70.49
689;3.113;17.84;16.93;70.31
690;3.113;17.87;16.86;70.15
691;3.114;17.9;16.83;70.02
692;3.115;17.91;16.83;70.01
693;3.109;17.91;16.81;70.05
694;3.093;17.93;16.76;70.04
695;3.108;17.96;16.7;70.02
696;3.127;17.98;16.63;69.97
697;3.13;18.01;16.56;69.88
698;3.132;18.05;16.52;69.76
699;3.133;18.07;16.52;69.62
700;3.133;18.08;16.55;69.54
701;3.133;18.11;16.54;69.52
702;3.134;18.14;16.54;69.53
703;3.132;18.17;16.54;69.55
704;3.133;18.19;16.56;69.59
705;3.133;18.21;16.61;69.64
706;3.135;18.23;16.63;69.64
707;3.137;18.24;16.63;69.63
708;3.135;18.24;16.62;69.63
709;3.135;18.22;16.61;69.59
710;3.134;18.21;16.61;69.59
711;3.132;18.21;16.62;69.61
712;3.132;18.22;16.61;69.61
713;3.133;18.25;16.53;69.61
714;3.114;18.27;16.51;69.54
715;3.091;18.27;16.46;69.35
716;3.09;18.27;16.22;69.05
717;3.09;18.26;15.96;68.84
718;3.083;18.24;15.92;68.82
719;3.081;18.23;15.89;68.84
720;3.081;18.2;15.84;68.85
721;3.078;18.16;15.84;68.83
722;3.079;18.1;15.84;68.73
723;3.073;18.02;15.84;68.48
724;3.069;17.98;15.84;68.26
725;3.078;17.98;15.84;68.3
726;3.086;17.93;15.83;68.43
727;3.083;17.84;15.83;68.58
728;3.073;17.74;15.81;68.7
729;3.071;17.66;15.81;68.71
730;3.071;17.59;15.81;68.71
731;3.071;17.55;15.81;68.85
732;3.074;17.56;15.81;69.07
733;3.085;17.56;15.82;69.18
734;3.087;17.51;15.83;69.13
735;3.083;17.45;15.84;69.09
736;3.083;17.42;15.83;69.09
737;3.081;17.43;15.81;69.09
738;3.077;17.45;15.81;69.09
739;3.074;17.46;15.82;69.08
740;3.076;17.46;15.83;69.06
741;3.076;17.46;15.84;69.04
742;3.075;17.45;15.85;69.04
743;3.072;17.46;15.85;69.05
744;3.073;17.48;15.84;69.06
745;3.076;17.49;15.84;69.1
746;3.076;17.49;15.84;69.12
747;3.085;17.49;15.84;69.15
748;3.096;17.47;15.84;69.0
749;3.096;17.43;15.84;68.61
750;3.096;17.39;15.85;68.32
751;3.091;17.37;15.85;68.27
752;3.09;17.36;15.84;68.38
753;3.09;17.35;15.8;68.4
754;3.089;17.35;15.77;68.25
755;3.086;17.36;15.77;68.05
756;3.083;17.39;15.75;68.12
757;3.079;17.42;15.75;68.7
758;3.079;17.43;15.77;69.16
759;3.079;17.42;15.76;69.24
760;3.078;17.44;15.75;69.22
761;3.071;17.46;15.75;69.17
762;3.069;17.47;15.77;69.11
763;3.068;17.47;15.81;69.09
764;3.064;17.47;15.86;69.09
765;3.064;17.46;15.87;69.08
766;3.064;17.44;15.87;69.02
767;3.064;17.41;15.87;68.97
768;3.067;17.39;15.87;68.99
769;3.067;17.39;15.88;69.01
770;3.065;17.39;15.89;69.03
771;3.066;17.39;15.89;69.03
772;3.067;17.39;15.9;69.02
773;3.064;17.4;15.9;69.1
774;3.064;17.41;15.9;69.18
775;3.061;17.4;15.9;69.18
776;3.063;17.41;15.9;69.18
777;3.064;17.4;15.9;69.07
778;3.064;17.4;15.9;68.92
779;3.063;17.39;15.9;68.88
780;3.063;17.39;15.9;68.88
781;3.064;17.39;15.9;68.88
782;3.065;17.41;15.9;68.89
783;3.064;17.44;15.88;68.91
784;3.067;17.45;15.87;68.92
785;3.063;17.45;15.87;68.91
786;3.061;17.44;15.87;68.88
787;3.062;17.44;15.88;68.87
788;3.062;17.44;15.89;68.88
789;3.055;17.44;15.91;68.79
790;3.043;17.44;15.92;68.65
791;3.044;17.46;15.85;68.58
792;3.043;17.47;15.84;68.63
793;3.036;17.47;15.9;68.74
794;3.037;17.47;15.95;68.81
795;3.056;17.47;15.94;68.76
796;3.059;17.47;15.94;68.65
797;3.052;17.47;15.89;68.56
798;3.054;17.46;15.79;68.52
799;3.046;17.46;15.72;68.51
800;3.046;17.43;15.73;68.53
801;3.05;17.34;15.75;68.01
802;3.055;17.31;15.75;67.4
803;3.054;17.32;15.74;67.25
804;3.056;17.31;15.74;67.26
805;3.053;17.29;15.73;67.24
806;3.05;17.28;15.69;67.19
807;3.051;17.27;15.66;67.16
808;3.047;17.27;15.65;67.12
809;3.044;17.27;15.65;67.11
810;3.044;17.23;15.65;67.11
811;3.041;17.12;15.55;67.05
812;3.037;17.05;15.51;67.07
813;3.038;17.05;15.51;67.1
814;3.028;17.06;15.52;67.09
815;3.025;17.06;15.44;67.1
816;3.027;17.07;15.33;67.14
817;3.026;17.08;15.34;67.21
818;3.027;17.08;15.33;67.26
819;3.034;17.1;15.33;67.27
820;3.036;17.14;15.31;67.27
821;3.036;17.18;15.17;67.2
822;3.036;17.19;15.11;67.0
823;3.037;17.2;15.11;66.83
824;3.037;17.2;15.11;66.74
825;3.037;17.2;15.11;66.67
826;3.037;17.19;15.1;66.62
827;3.037;17.19;15.1;66.61
828;3.034;17.18;15.09;66.65
829;3.032;17.18;15.08;66.74
830;3.031;17.18;15.07;66.73
831;3.03;17.18;15.08;66.68
832;3.023;17.18;15.08;66.67
833;3.023;17.17;15.04;66.61
834;3.022;17.17;15.01;66.63
835;3.023;17.19;15.01;66.75
836;3.025;17.19;15.0;66.7
837;3.017;17.19;14.99;66.65
838;3.0;17.2;14.98;66.65
839;2.988;17.24;14.97;66.65
840;2.978;17.26;14.98;66.67
841;2.975;17.25;14.98;66.79
842;2.971;17.25;14.96;66.8
843;2.953;17.25;14.95;66.72
844;2.947;17.24;14.96;66.62
845;2.945;17.18;14.95;66.6
846;2.943;17.03;14.96;66.6
847;2.942;16.92;14.96;66.59
848;2.942;16.88;14.96;66.57
849;2.936;16.87;14.94;66.5
850;2.928;16.87;14.92;66.43
851;2.936;16.86;14.92;66.4
852;2.94;16.83;14.92;66.37
853;2.94;16.81;14.93;66.37
854;2.943;16.78;14.93;66.36
855;2.954;16.76;14.93;66.35
856;2.963;16.76;14.91;66.35
857;2.963;16.78;14.92;66.34
858;2.961;16.79;14.9;66.33
859;2.959;16.79;14.86;66.31
860;2.959;16.78;14.79;66.29
861;2.962;16.78;14.74;66.29
862;2.965;16.79;14.73;66.28
863;2.965;16.81;14.72;66.25
864;2.966;16.82;14.65;66.21
865;2.969;16.85;14.59;66.19
866;2.969;16.89;14.57;66.19
867;2.967;16.91;14.57;66.16
868;2.966;16.91;14.58;66.09
869;2.966;16.9;14.56;66.06
870;2.968;16.9;14.54;66.06
871;2.967;16.88;14.54;66.09
872;2.968;16.88;14.54;66.16
873;2.968;16.88;14.54;66.21
874;2.968;16.89;14.54;66.24
875;2.965;16.93;14.49;66.28
876;2.962;16.98;14.47;66.28
877;2.961;17.04;14.47;66.35
878;2.961;17.06;14.45;66.34
879;2.962;17.07;14.44;66.4
880;2.962;17.12;14.43;66.44
881;2.962;17.14;14.43;66.41
882;2.962;17.15;14.36;66.38
883;2.961;17.15;14.27;66.35
884;2.961;17.14;14.25;66.36
885;2.961;17.14;14.24;66.37
886;2.961;17.14;14.23;66.37
887;2.962;17.15;14.22;66.37
888;2.961;17.16;14.03;66.38
889;2.96;17.18;13.86;66.37
890;2.959;17.23;13.87;66.35
891;2.959;17.25;13.87;66.32
892;2.96;17.25;13.82;66.3
893;2.964;17.23;13.78;66.29
894;2.97;17.22;13.81;66.29
895;2.972;17.22;13.82;66.29
896;2.974;17.21;13.82;66.3
897;2.977;17.19;13.84;66.29
898;2.978;17.18;13.84;66.28
899;2.981;17.18;13.86;66.26
900;2.987;17.18;13.88;66.25
901;2.988;17.17;13.88;66.25
902;2.988;17.17;13.87;66.25
903;2.988;17.17;13.88;66.23
904;2.985;17.18;13.85;66.21
905;2.983;17.17;13.85;66.25
906;2.983;17.15;13.85;66.27
907;2.975;17.14;13.85;66.29
908;2.971;17.13;13.85;66.29
909;2.97;17.12;13.86;66.32
910;2.96;17.11;13.86;66.26
911;2.934;17.12;13.82;66.16
912;2.872;17.12;13.84;66.04
913;2.81;17.12;13.85;65.76
914;2.795;17.12;13.84;65.32
915;2.794;17.12;13.84;65.14
916;2.794;17.09;13.84;65.15
917;2.781;17.03;13.84;65.15
918;2.773;17.01;13.85;65.15
919;2.771;16.99;13.85;65.06
920;2.764;16.94;13.85;64.71
921;2.761;16.89;13.86;64.32
922;2.762;16.89;13.87;64.19
923;2.755;16.88;13.84;64.21
924;2.742;16.87;13.82;64.17
925;2.742;16.87;13.83;64.12
926;2.735;16.88;13.82;64.09
927;2.733;16.89;13.82;64.07
928;2.732;16.88;13.84;64.05
929;2.73;16.85;13.84;64.12
930;2.73;16.83;13.85;64.21
931;2.733;16.84;13.86;64.17
932;2.729;16.82;13.85;63.98
933;2.705;16.79;13.85;63.83
934;2.69;16.79;13.86;63.93
935;2.691;16.75;13.87;63.85
936;2.695;16.65;13.89;63.17
937;2.694;16.64;13.89;62.59
938;2.69;16.6;13.88;62.42
939;2.689;16.43;13.89;62.38
940;2.69;16.28;13.88;62.45
941;2.686;16.24;13.88;62.69
942;2.691;16.22;13.89;62.77
943;2.688;16.19;13.9;62.72
944;2.684;16.21;13.9;62.69
945;2.685;16.23;13.87;62.69
946;2.686;16.24;13.71;62.69
947;2.683;16.24;13.58;62.69
948;2.684;16.24;13.57;62.71
949;2.686;16.24;13.54;62.67
950;2.684;16.24;13.47;62.59
951;2.685;16.22;13.47;62.57
952;2.671;16.19;13.4;62.57
953;2.644;16.15;13.41;62.57
954;2.635;16.1;13.27;62.57
955;2.637;16.04;13.26;62.57
956;2.622;15.99;13.33;62.54
957;2.601;15.98;13.35;62.36
958;2.579;15.98;13.3;62.07
959;2.562;15.97;13.12;61.92
960;2.561;15.96;12.96;61.89
961;2.561;15.95;12.91;61.97
962;2.561;15.93;12.91;61.97
963;2.563;15.92;12.92;61.64
964;2.552;15.93;12.93;61.47
965;2.551;15.95;12.92;61.58
966;2.553;15.92;12.9;61.65
967;2.553;15.89;12.88;61.67
968;2.553;15.89;12.88;61.7
969;2.554;15.9;12.88;61.72
970;2.557;15.92;12.88;61.73
971;2.557;15.93;12.88;61.7
972;2.559;15.94;12.88;61.68
973;2.557;15.93;12.86;61.68
974;2.556;15.93;12.84;61.47
975;2.555;15.94;12.82;60.95
976;2.551;15.94;12.83;60.6
977;2.542;15.93;12.83;60.46
978;2.525;15.93;12.83;60.4
979;2.518;15.93;12.84;60.34
980;2.517;15.94;12.83;59.46
981;2.517;15.97;12.82;58.37
982;2.517;15.98;12.83;58.03
983;2.49;15.96;12.83;57.99
984;2.461;15.94;12.83;58.02
985;2.455;15.94;12.83;58.05
986;2.456;15.94;12.83;58.01
987;2.457;15.91;12.84;57.93
988;2.455;15.88;12.84;57.9
989;2.458;15.86;12.84;57.88
990;2.462;15.85;12.86;58.02
991;2.467;15.85;12.87;58.13
992;2.465;15.87;12.87;58.13
993;2.459;15.89;12.92;58.12
994;2.458;15.92;13.01;58.12
995;2.456;15.96;13.04;58.12
996;2.453;15.97;13.04;58.11
997;2.453;15.95;13.03;58.1
998;2.454;15.94;13.08;58.09
999;2.459;15.94;13.2;58.08
1000;2.459;15.93;13.21;58.06
1001;2.458;15.92;13.15;58.0
1002;2.45;15.92;13.13;57.88
1003;2.419;15.9;13.06;57.81
1004;2.39;15.9;12.65;57.84
1005;2.387;15.91;12.28;57.94
1006;2.386;15.92;12.15;57.95
1007;2.383;15.92;12.09;57.87
1008;2.371;15.93;12.08;57.99
1009;2.351;15.94;12.03;58.25
1010;2.327;15.9;11.94;58.34
1011;2.312;15.9;11.95;58.34
1012;2.315;15.96;11.95;58.34
1013;2.315;16.0;11.96;58.34
1014;2.314;16.01;11.95;58.34
1015;2.31;16.01;11.95;58.33
1016;2.31;16.0;11.94;58.33
1017;2.307;15.98;11.95;58.33
1018;2.314;15.97;11.93;58.33
1019;2.319;15.97;11.92;58.33
1020;2.32;15.96;11.92;58.32
1021;2.32;15.96;11.92;58.17
1022;2.321;15.95;11.89;57.84
1023;2.321;15.95;11.88;57.46
1024;2.321;15.95;11.88;57.14
1025;2.321;15.95;11.89;56.93
1026;2.322;15.95;11.89;56.91
1027;2.325;15.93;11.89;56.86
1028;2.324;15.9;11.89;56.77
1029;2.322;15.9;11.91;56.74
1030;2.325;15.9;11.94;56.73
1031;2.323;15.9;11.94;56.68
1032;2.312;15.91;11.94;56.41
1033;2.296;15.92;11.94;56.17
1034;2.289;15.92;11.93;56.09
1035;2.289;15.91;11.93;56.07
1036;2.287;15.91;11.93;56.06
1037;2.285;15.9;11.92;55.79
1038;2.283;15.89;11.91;55.29
1039;2.285;15.89;11.91;55.03
1040;2.284;15.85;11.91;54.98
1041;2.286;15.8;11.91;54.97
1042;2.28;15.78;11.84;54.96
1043;2.275;15.78;11.81;54.96
1044;2.275;15.78;11.78;54.96
1045;2.278;15.78;11.68;54.95
1046;2.28;15.76;11.67;54.95
1047;2.279;15.74;11.68;54.95
1048;2.275;15.73;11.69;54.87
1049;2.273;15.72;11.67;54.43
1050;2.274;15.72;11.54;53.66
1051;2.274;15.72;11.37;52.86
1052;2.275;15.71;11.34;52.03
1053;2.277;15.7;11.33;51.5
1054;2.278;15.65;11.33;51.47
1055;2.277;15.57;11.33;49.94
1056;2.269;15.53;11.34;48.07
1057;2.256;15.53;11.34;47.59
1058;2.252;15.48;11.27;47.55
1059;2.242;15.38;11.11;47.54
1060;2.229;15.27;11.04;47.54
1061;2.229;15.18;11.02;47.49
1062;2.216;15.12;11.02;47.42
1063;2.211;15.1;11.04;47.37
1064;2.219;15.09;10.98;47.31
1065;2.22;15.09;10.97;47.25
1066;2.221;15.08;10.96;47.24
1067;2.223;15.08;10.95;47.23
1068;2.224;15.08;10.95;47.22
1069;2.224;15.08;10.94;47.22
1070;2.224;15.08;10.9;47.23
1071;2.224;15.08;10.91;47.24
1072;2.224;15.08;10.94;47.25
1073;2.225;15.08;10.92;47.26
1074;2.225;15.08;10.92;47.26
1075;2.228;15.06;10.94;47.28
1076;2.225;15.04;10.97;47.32
1077;2.222;15.03;10.99;47.31
1078;2.221;15.02;11.01;47.3
1079;2.222;15.02;11.01;47.3
1080;2.222;15.01;11.01;47.3
1081;2.222;15.0;11.01;47.3
1082;2.221;14.97;11.01;47.29
1083;2.221;14.92;11.01;47.25
1084;2.221;14.9;11.01;47.23
1085;2.221;14.91;11.0;47.23
1086;2.219;14.91;10.99;47.21
1087;2.218;14.89;10.99;47.19
1088;2.218;14.88;10.99;47.17
1089;2.219;14.88;10.99;47.15
1090;2.218;14.88;10.99;47.06
1091;2.218;14.88;10.99;46.84
1092;2.218;14.88;10.99;46.55
1093;2.218;14.88;10.98;46.26
1094;2.218;14.89;10.98;46.11
1095;2.212;14.89;10.98;46.11
1096;2.203;14.82;10.98;46.02
1097;2.195;14.69;10.96;45.73
1098;2.188;14.62;10.94;45.53
1099;2.185;14.62;10.94;45.55
1100;2.187;14.6;10.93;45.62
1101;2.189;14.54;10.91;45.64
1102;2.189;14.5;10.89;45.6
1103;2.188;14.48;10.88;45.3
1104;2.188;14.48;10.89;44.5
1105;2.187;14.48;10.9;43.67
1106;2.188;14.48;10.91;43.16
1107;2.189;14.45;10.91;43.04
1108;2.189;14.32;10.91;42.95
1109;2.197;14.06;10.91;42.03
1110;2.198;13.9;10.92;40.91
1111;2.196;13.9;10.91;40.45
1112;2.195;13.85;10.91;40.37
1113;2.193;13.73;10.9;40.36
1114;2.194;13.61;10.89;40.35
1115;2.194;13.52;10.88;40.32
1116;2.19;13.44;10.77;40.3
1117;2.181;13.39;10.66;40.28
1118;2.173;13.36;10.65;40.26
1119;2.164;13.35;10.65;40.26
1120;2.161;13.35;10.64;40.26
1121;2.161;13.36;10.62;40.26
1122;2.161;13.37;10.62;40.25
1123;2.161;13.38;10.62;40.25
1124;2.161;13.38;10.62;40.24
1125;2.16;13.35;10.62;40.23
1126;2.158;13.32;10.6;40.22
1127;2.158;13.27;10.56;40.12
1128;2.156;13.22;10.53;39.92
1129;2.15;13.15;10.53;39.75
1130;2.15;13.09;10.53;39.65
1131;2.147;13.02;10.53;39.61
1132;2.144;12.91;10.51;39.61
1133;2.142;12.76;10.48;39.42
1134;2.127;12.58;10.47;38.94
1135;2.092;12.48;10.47;38.66
1136;2.079;12.47;10.47;38.64
1137;2.078;12.47;10.48;38.64
1138;2.072;12.44;10.47;38.64
1139;2.071;12.37;10.42;38.62
1140;2.071;12.31;10.42;38.6
1141;2.071;12.28;10.41;38.59
1142;2.069;12.25;10.4;38.57
1143;2.068;12.23;10.4;38.52
1144;2.067;12.21;10.34;38.44
1145;2.066;12.17;10.28;38.41
1146;2.039;12.13;10.25;38.4
1147;2.009;12.1;10.24;38.38
1148;2.006;12.05;10.24;38.37
1149;2.004;12.0;10.24;38.36
1150;2.001;11.97;10.2;38.36
1151;2.001;11.92;10.15;38.36
1152;2.001;11.87;10.14;38.36
1153;2.0;11.83;10.14;38.34
1154;1.999;11.79;10.13;38.29
1155;2.0;11.75;10.08;38.19
1156;1.999;11.71;9.997;38.08
1157;1.995;11.68;9.95;38.04
1158;1.991;11.67;9.944;38.04
1159;1.991;11.66;9.948;38.03
1160;1.991;11.63;9.954;38.02
1161;1.991;11.57;9.952;37.94
1162;1.992;11.52;9.935;37.87
1163;1.989;11.48;9.899;37.87
1164;1.977;11.44;9.849;37.86
1165;1.979;11.42;9.834;37.85
1166;1.979;11.41;9.827;37.84
1167;1.973;11.4;9.781;37.82
1168;1.971;11.4;9.764;37.81
1169;1.971;11.4;9.764;37.78
1170;1.971;11.4;9.764;37.73
1171;1.971;11.4;9.762;37.69
1172;1.97;11.39;9.768;37.69
1173;1.969;11.37;9.77;37.67
1174;1.97;11.35;9.764;37.66
1175;1.967;11.35;9.762;37.65
1176;1.954;11.35;9.764;37.51
1177;1.937;11.35;9.757;37.25
1178;1.932;11.35;9.73;36.92
1179;1.932;11.35;9.707;36.63
1180;1.929;11.35;9.704;36.53
1181;1.929;11.35;9.702;36.52
1182;1.93;11.32;9.7;36.25
1183;1.927;11.26;9.7;35.67
1184;1.911;11.23;9.683;35.23
1185;1.905;11.24;9.656;35.13
1186;1.905;11.23;9.632;35.13
1187;1.904;11.18;9.624;35.12
1188;1.903;11.11;9.624;35.12
1189;1.903;11.05;9.618;35.11
1190;1.902;11.02;9.603;35.1
1191;1.899;11.02;9.59;35.08
1192;1.899;11.02;9.571;35.06
1193;1.899;11.01;9.55;35.05
1194;1.901;11.0;9.543;35.02
1195;1.898;10.97;9.545;34.94
1196;1.891;10.96;9.545;34.86
1197;1.891;10.95;9.545;34.79
1198;1.877;10.94;9.545;34.73
1199;1.861;10.92;9.541;34.73
1200;1.862;10.88;9.543;34.7
1201;1.861;10.78;9.52;34.68
1202;1.861;10.7;9.507;34.63
1203;1.862;10.68;9.509;34.42
1204;1.863;10.68;9.505;34.3
1205;1.863;10.68;9.499;34.26
1206;1.863;10.67;9.503;34.26
1207;1.863;10.63;9.505;34.0
1208;1.86;10.57;9.48;32.81
1209;1.858;10.55;9.418;31.81
1210;1.859;10.55;9.384;31.6
1211;1.859;10.52;9.38;31.58
1212;1.858;10.48;9.378;31.58
1213;1.855;10.46;9.35;31.58
1214;1.854;10.45;9.266;31.57
1215;1.854;10.46;9.162;31.56
1216;1.853;10.46;9.126;31.56
1217;1.853;10.46;9.126;31.56
1218;1.853;10.46;9.122;31.53
1219;1.85;10.46;9.117;31.47
1220;1.849;10.46;9.103;31.42
1221;1.846;10.46;9.081;31.38
1222;1.844;10.45;9.081;31.36
1223;1.844;10.43;9.062;31.35
1224;1.843;10.37;9.052;31.14
1225;1.844;10.34;9.052;30.93
1226;1.844;10.34;9.05;30.9
1227;1.839;10.34;9.047;30.9
1228;1.837;10.35;9.047;30.9
1229;1.837;10.35;9.045;30.9
1230;1.837;10.34;9.045;30.9
1231;1.836;10.33;9.041;30.9
1232;1.835;10.32;9.039;30.89
1233;1.833;10.29;9.022;30.87
1234;1.834;10.23;9.016;30.83
1235;1.83;10.2;9.018;30.81
1236;1.83;10.2;9.018;30.8
1237;1.824;10.2;9.009;30.8
1238;1.82;10.2;8.994;30.8
1239;1.82;10.2;8.975;30.74
1240;1.822;10.2;8.931;30.71
1241;1.823;10.19;8.891;30.69
1242;1.818;10.16;8.886;30.55
1243;1.817;10.14;8.863;30.35
1244;1.817;10.12;8.755;30.1
1245;1.804;10.13;8.617;29.94
1246;1.768;10.13;8.566;29.94
1247;1.759;10.12;8.554;29.9
1248;1.759;10.12;8.547;29.89
1249;1.756;10.13;8.549;29.89
1250;1.75;10.13;8.545;29.86
1251;1.743;10.14;8.488;29.7
1252;1.731;10.15;8.437;29.62
1253;1.722;10.15;8.437;29.6
1254;1.722;10.13;8.429;29.57
1255;1.722;10.13;8.426;29.55
1256;1.721;10.13;8.429;29.55
1257;1.712;10.12;8.431;29.55
1258;1.698;10.11;8.414;29.52
1259;1.692;10.11;8.376;29.48
1260;1.692;10.11;8.348;29.46
1261;1.692;10.11;8.333;29.42
1262;1.692;10.11;8.329;29.32
1263;1.692;10.1;8.325;29.18
1264;1.69;10.07;8.299;29.06
1265;1.687;10.05;8.27;29.05
1266;1.681;10.05;8.261;29.01
1267;1.679;10.03;8.261;28.88
1268;1.679;10.01;8.261;28.69
1269;1.677;10.01;8.263;28.57
1270;1.667;9.989;8.261;28.55
1271;1.666;9.918;8.234;28.55
1272;1.667;9.853;8.219;28.54
1273;1.664;9.823;8.219;28.52
1274;1.662;9.809;8.212;28.52
1275;1.662;9.809;8.206;28.51
1276;1.662;9.809;8.202;28.51
1277;1.661;9.811;8.202;28.51
1278;1.659;9.811;8.202;28.51
1279;1.659;9.811;8.174;28.4
1280;1.656;9.811;8.145;28.07
1281;1.656;9.811;8.145;27.75
1282;1.655;9.804;8.136;27.45
1283;1.655;9.79;8.132;27.1
1284;1.653;9.769;8.132;27.02
1285;1.653;9.714;8.13;26.9
1286;1.65;9.651;8.128;26.59
1287;1.646;9.645;8.128;26.53
1288;1.646;9.639;8.128;26.53
1289;1.642;9.599;8.126;26.53
1290;1.641;9.494;8.119;26.53
1291;1.64;9.423;8.109;26.46
1292;1.639;9.419;8.085;26.11
1293;1.64;9.419;8.058;25.79
1294;1.64;9.419;8.039;25.7
1295;1.637;9.421;8.034;25.66
1296;1.637;9.425;8.034;25.63
1297;1.637;9.431;8.03;25.62
1298;1.637;9.439;8.026;25.62
1299;1.638;9.452;8.026;25.61
1300;1.636;9.471;8.026;25.59
1301;1.628;9.49;8.022;25.58
1302;1.61;9.507;8.022;25.58
1303;1.602;9.526;8.009;25.57
1304;1.602;9.547;8.0;25.52
1305;1.592;9.557;7.994;25.52
1306;1.565;9.559;7.937;25.5
1307;1.543;9.557;7.928;25.5
1308;1.543;9.546;7.909;25.5
1309;1.542;9.523;7.901;25.47
1310;1.541;9.507;7.899;25.43
1311;1.543;9.507;7.897;25.43
1312;1.536;9.502;7.861;25.43
1313;1.528;9.486;7.848;25.42
1314;1.528;9.463;7.848;25.4
1315;1.526;9.431;7.848;25.4
1316;1.521;9.383;7.846;25.4
1317;1.522;9.33;7.846;25.4
1318;1.522;9.312;7.848;25.39
1319;1.523;9.326;7.844;25.38
1320;1.522;9.345;7.842;25.37
1321;1.515;9.364;7.844;25.36
1322;1.515;9.379;7.846;25.25
1323;1.515;9.383;7.839;25.05
1324;1.517;9.374;7.831;24.92
1325;1.518;9.341;7.827;24.82
1326;1.519;9.28;7.827;24.74
1327;1.523;9.175;7.827;24.73
1328;1.53;9.049;7.825;24.55
1329;1.532;9.018;7.825;24.53
1330;1.534;9.01;7.818;24.34
1331;1.535;8.942;7.816;24.21
1332;1.535;8.93;7.816;24.2
1333;1.535;8.972;7.814;24.11
1334;1.535;9.029;7.816;24.02
1335;1.536;9.072;7.803;23.91
1336;1.536;9.066;7.782;23.9
1337;1.54;9.018;7.772;23.89
1338;1.545;8.986;7.767;23.89
1339;1.551;8.968;7.769;23.85
1340;1.555;8.93;7.723;23.84
1341;1.558;8.848;7.617;23.84
1342;1.558;8.787;7.583;23.82
1343;1.555;8.781;7.581;23.81
1344;1.545;8.787;7.534;23.81
1345;1.535;8.794;7.454;23.78
1346;1.533;8.825;7.432;23.76
1347;1.531;8.869;7.422;23.74
1348;1.523;8.909;7.384;23.71
1349;1.52;8.94;7.384;23.69
1350;1.515;8.964;7.354;23.69
1351;1.504;8.982;7.307;23.69
1352;1.502;8.993;7.286;23.68
1353;1.502;8.997;7.274;23.66
1354;1.501;8.999;7.261;23.6
1355;1.5;8.993;7.259;23.48
1356;1.499;8.98;7.231;23.38
1357;1.499;8.964;7.227;23.3
1358;1.5;8.959;7.225;23.24
1359;1.5;8.972;7.221;23.21
1360;1.501;8.986;7.195;22.94
1361;1.501;8.989;7.161;22.8
1362;1.498;8.982;7.146;22.8
1363;1.495;8.976;7.032;22.79
1364;1.495;8.976;7.013;22.79
1365;1.495;8.98;7.011;22.78
1366;1.496;8.984;7.009;22.73
1367;1.493;8.986;7.0;22.69
1368;1.493;8.984;6.985;22.69
1369;1.493;8.97;6.981;22.69
1370;1.493;8.953;6.977;22.69
1371;1.493;8.943;6.979;22.68
1372;1.494;8.943;6.958;22.68
1373;1.495;8.945;6.92;22.67
1374;1.499;8.947;6.89;22.62
1375;1.501;8.945;6.86;22.53
1376;1.501;8.934;6.837;22.42
1377;1.501;8.915;6.831;22.3
1378;1.501;8.899;6.816;22.21
1379;1.501;8.886;6.769;22.21
1380;1.501;8.861;6.763;22.0
1381;1.496;8.838;6.725;21.75
1382;1.491;8.829;6.699;21.7
1383;1.493;8.835;6.699;21.69
1384;1.492;8.85;6.693;21.59
1385;1.493;8.873;6.686;21.27
1386;1.492;8.888;6.648;20.79
1387;1.487;8.896;6.612;20.44
1388;1.489;8.892;6.608;20.32
1389;1.492;8.863;6.608;20.3
1390;1.493;8.812;6.564;20.29
1391;1.49;8.708;6.559;19.97
1392;1.492;8.54;6.559;19.13
1393;1.472;8.471;6.534;18.8
1394;1.458;8.473;6.485;18.8
1395;1.458;8.404;6.483;18.77
1396;1.456;8.349;6.477;18.76
1397;1.454;8.328;6.477;18.76
1398;1.451;8.322;6.472;18.73
1399;1.446;8.322;6.466;18.65
1400;1.439;8.324;6.466;18.61
1401;1.437;8.324;6.466;18.59
1402;1.436;8.324;6.466;18.59
1403;1.427;8.328;6.466;18.59
1404;1.423;8.336;6.46;18.59
1405;1.423;8.341;6.453;18.59
1406;1.417;8.339;6.343;18.58
1407;1.411;8.33;6.203;18.57
1408;1.402;8.307;6.091;18.57
1409;1.394;8.295;5.996;18.5
1410;1.393;8.303;5.991;18.3
1411;1.393;8.307;5.947;18.03
1412;1.392;8.309;5.924;17.69
1413;1.385;8.311;5.915;17.43
1414;1.381;8.307;5.86;17.42
1415;1.381;8.278;5.805;17.17
1416;1.38;8.206;5.792;16.63
1417;1.376;8.158;5.792;16.39
1418;1.378;8.158;5.79;16.31
1419;1.379;8.131;5.788;16.2
1420;1.378;8.099;5.779;16.07
1421;1.372;8.064;5.777;16.02
1422;1.367;8.024;5.773;16.02
1423;1.363;8.003;5.771;16.01
1424;1.363;7.999;5.771;16.01
1425;1.366;7.999;5.771;16.01
1426;1.366;7.997;5.767;16.01
1427;1.367;7.99;5.748;16.01
1428;1.367;7.98;5.743;16.01
1429;1.367;7.967;5.741;16.01
1430;1.366;7.94;5.737;16.01
1431;1.366;7.896;5.735;16.0
1432;1.365;7.839;5.684;16.0
1433;1.361;7.799;5.633;15.99
1434;1.361;7.776;5.616;15.95
1435;1.363;7.758;5.616;15.84
1436;1.363;7.755;5.61;15.73
1437;1.359;7.762;5.584;15.67
1438;1.353;7.778;5.557;15.56
1439;1.354;7.804;5.553;15.42
1440;1.347;7.852;5.542;15.39
1441;1.34;7.917;5.491;14.75
1442;1.332;7.971;5.464;14.29
1443;1.329;7.982;5.445;14.27
1444;1.329;7.971;5.332;14.27
1445;1.33;7.919;5.108;14.27
1446;1.328;7.846;5.033;14.26
1447;1.328;7.825;5.029;14.26
1448;1.329;7.827;5.025;14.26
1449;1.33;7.827;4.896;14.26
1450;1.321;7.829;4.554;14.25
1451;1.32;7.833;4.48;14.24
1452;1.314;7.837;4.459;14.2
1453;1.305;7.835;4.438;13.99
1454;1.302;7.841;4.438;13.49
1455;1.306;7.858;4.438;12.94
1456;1.309;7.883;4.436;12.47
1457;1.309;7.902;4.423;12.26
1458;1.309;7.946;4.419;12.2
1459;1.305;8.009;4.419;11.02
1460;1.292;8.041;4.417;9.268
1461;1.287;8.116;4.415;8.68
1462;1.287;8.154;4.395;8.68
1463;1.282;8.179;4.353;8.606
1464;1.279;8.282;4.315;8.562
1465;1.278;8.435;4.309;8.558
1466;1.275;8.584;4.309;8.558
1467;1.275;8.695;4.306;8.555
1468;1.272;8.748;4.296;8.548
1469;1.259;8.77;4.283;8.541
1470;1.245;8.773;4.277;8.538
1471;1.244;8.775;4.279;8.528
1472;1.243;8.791;4.275;8.524
1473;1.241;8.823;4.258;8.524
1474;1.242;8.882;4.262;8.521
1475;1.242;8.98;4.268;8.514
1476;1.242;9.114;4.266;8.511
1477;1.243;9.282;4.245;8.507
1478;1.245;9.473;4.247;8.507
1479;1.254;9.664;4.228;8.504
1480;1.276;9.844;4.169;8.504
1481;1.3;10.02;4.109;8.504
1482;1.314;10.19;4.088;8.504
1483;1.32;10.34;4.084;8.501
1484;1.323;10.48;4.086;8.497
1485;1.323;10.61;4.086;8.494
1486;1.323;10.72;4.086;8.487
1487;1.323;10.8;4.084;8.487
1488;1.323;10.85;4.075;8.49
1489;1.323;10.9;4.073;8.484
1490;1.321;10.92;4.073;8.484
1491;1.329;10.94;4.075;8.487
1492;1.331;10.96;4.073;8.484
1493;1.322;10.96;4.073;8.473
1494;1.317;10.97;4.069;8.46
1495;1.319;10.97;4.056;8.44
1496;1.314;10.96;4.039;8.406
1497;1.31;10.95;4.031;8.378
1498;1.31;10.94;4.025;8.378
1499;1.31;10.92;4.001;8.365
1500;1.309;10.91;3.984;8.307
