;FLEX.CAPR.U RT,%;BICEPS BR. RT,%;BRACHIORAD. RT,%;LAT. TRICEPS RT,%
0;12.15;5.186;2.193;1.501
1;12.55;5.307;2.194;1.506
2;12.84;5.394;2.198;1.514
3;13.08;5.459;2.206;1.528
4;13.25;5.506;2.207;1.548
5;13.26;5.539;2.212;1.561
6;13.49;5.558;2.214;1.566
7;14.11;5.568;2.218;1.57
8;14.8;5.57;2.219;1.581
9;15.6;5.568;2.222;1.602
10;16.62;5.564;2.225;1.641
11;17.44;5.562;2.225;1.686
12;17.95;5.562;2.226;1.713
13;18.41;5.562;2.256;1.734
14;18.56;5.566;2.309;1.763
15;18.66;5.578;2.335;1.796
16;19.04;5.599;2.342;1.834
17;19.1;5.623;2.355;1.887
18;19.1;5.634;2.388;1.933
19;19.2;5.634;2.417;1.95
20;19.37;5.632;2.433;1.953
21;19.37;5.631;2.446;1.953
22;19.58;5.629;2.448;1.954
23;19.73;5.625;2.453;1.96
24;19.73;5.621;2.469;1.968
25;20.1;5.619;2.506;1.968
26;20.81;5.619;2.571;1.978
27;21.23;5.621;2.606;2.01
28;21.36;5.627;2.621;2.035
29;21.41;5.634;2.641;2.044
30;21.44;5.652;2.643;2.044
31;21.47;5.683;2.646;2.044
32;21.54;5.709;2.646;2.044
33;21.64;5.714;2.655;2.045
34;21.66;5.714;2.757;2.044
35;21.66;5.707;2.839;2.047
36;21.86;5.691;2.843;2.056
37;22.53;5.671;2.843;2.078
38;23.47;5.656;2.85;2.11
39;24.55;5.64;2.888;2.137
40;25.48;5.625;2.899;2.163
41;25.84;5.613;2.908;2.191
42;25.94;5.607;2.934;2.202
43;25.99;5.605;2.949;2.203
44;25.99;5.603;2.954;2.204
45;26.21;5.603;2.965;2.205
46;26.76;5.605;3.026;2.204
47;27.38;5.617;3.053;2.204
48;27.77;5.629;3.053;2.207
49;28.0;5.629;3.055;2.214
50;28.16;5.629;3.062;2.215
51;28.17;5.631;3.082;2.216
52;28.66;5.636;3.082;2.218
53;29.09;5.65;3.106;2.219
54;29.2;5.662;3.115;2.219
55;29.54;5.662;3.116;2.22
56;30.38;5.654;3.118;2.224
57;30.79;5.658;3.121;2.232
58;30.79;5.681;3.122;2.245
59;30.97;5.738;3.125;2.267
60;31.08;5.837;3.128;2.293
61;31.08;5.947;3.13;2.32
62;31.08;6.042;3.13;2.345
63;31.13;6.107;3.181;2.361
64;31.16;6.128;3.308;2.369
65;31.17;6.126;3.352;2.375
66;31.25;6.122;3.37;2.381
67;31.26;6.136;3.489;2.389
68;31.85;6.159;3.539;2.393
69;33.33;6.188;3.541;2.393
70;34.1;6.247;3.57;2.394
71;34.54;6.327;3.582;2.398
72;35.0;6.403;3.583;2.408
73;35.11;6.479;3.583;2.426
74;35.12;6.551;3.583;2.437
75;35.14;6.62;3.584;2.444
76;35.16;6.713;3.596;2.452
77;35.16;6.875;3.647;2.455
78;35.26;7.105;3.677;2.457
79;35.5;7.367;3.678;2.458
80;35.52;7.601;3.704;2.46
81;35.62;7.743;3.715;2.461
82;35.78;7.8;3.721;2.461
83;35.98;7.825;3.73;2.461
84;36.21;7.857;3.733;2.461
85;36.25;7.899;3.735;2.461
86;36.25;7.944;3.738;2.46
87;36.25;8.003;3.738;2.461
88;36.25;8.073;3.737;2.466
89;36.27;8.136;3.739;2.469
90;36.32;8.198;3.746;2.47
91;36.43;8.266;3.745;2.472
92;36.59;8.329;3.752;2.473
93;36.85;8.364;3.782;2.473
94;37.16;8.366;3.816;2.476
95;37.27;8.381;3.823;2.483
96;37.27;8.496;3.834;2.492
97;37.34;8.793;3.872;2.503
98;37.57;9.271;3.876;2.516
99;38.05;9.778;3.887;2.527
100;38.36;10.29;3.901;2.534
101;38.41;10.94;3.901;2.54
102;38.45;11.64;3.914;2.553
103;38.59;12.11;3.941;2.565
104;38.77;12.35;3.951;2.567
105;38.89;12.51;3.951;2.569
106;38.93;12.61;3.951;2.576
107;38.94;12.67;3.952;2.586
108;39.09;12.72;3.954;2.596
109;39.43;12.75;3.955;2.602
110;39.87;12.77;3.956;2.602
111;40.3;12.8;3.957;2.603
112;40.87;12.83;3.957;2.604
113;41.8;12.85;3.958;2.607
114;42.54;12.86;3.973;2.614
115;42.77;12.86;3.985;2.621
116;42.85;12.87;3.985;2.623
117;42.9;12.89;3.99;2.624
118;42.93;12.95;3.998;2.624
119;43.41;13.12;4.002;2.624
120;44.09;13.3;4.014;2.626
121;44.34;13.44;4.098;2.626
122;44.34;13.57;4.123;2.625
123;44.46;13.65;4.14;2.625
124;44.75;13.68;4.169;2.626
125;45.04;13.71;4.17;2.627
126;45.32;13.73;4.172;2.628
127;45.55;13.75;4.198;2.633
128;45.55;13.79;4.204;2.639
129;45.65;13.86;4.219;2.642
130;45.65;13.97;4.227;2.644
131;45.89;14.11;4.243;2.643
132;46.15;14.27;4.285;2.645
133;46.24;14.41;4.292;2.651
134;46.24;14.51;4.296;2.664
135;46.44;14.55;4.297;2.689
136;46.58;14.56;4.346;2.709
137;46.58;14.56;4.444;2.722
138;46.86;14.57;4.453;2.754
139;48.57;14.59;4.46;2.81
140;50.34;14.62;4.466;2.852
141;51.05;14.67;4.468;2.874
142;51.3;14.73;4.481;2.878
143;51.38;14.8;4.531;2.879
144;51.38;14.87;4.535;2.894
145;51.38;14.91;4.541;2.904
146;51.39;14.94;4.541;2.909
147;51.39;15.01;4.542;2.921
148;51.39;15.09;4.549;2.939
149;51.4;15.16;4.575;2.951
150;51.49;15.24;4.59;2.962
151;51.64;15.32;4.59;2.974
152;51.84;15.38;4.606;2.983
153;51.94;15.45;4.607;2.985
154;51.94;15.49;4.624;2.986
155;52.07;15.51;4.648;2.993
156;52.42;15.52;4.65;2.999
157;52.92;15.52;4.655;2.999
158;53.06;15.52;4.659;3.001
159;53.07;15.52;4.661;3.006
160;53.07;15.53;4.671;3.008
161;53.07;15.54;4.708;3.008
162;53.12;15.59;4.74;3.008
163;53.25;15.66;4.751;3.008
164;53.34;15.77;4.752;3.01
165;53.42;15.92;4.752;3.016
166;53.45;16.11;4.757;3.022
167;53.49;16.3;4.758;3.023
168;53.81;16.46;4.76;3.023
169;54.18;16.56;4.773;3.024
170;54.46;16.64;4.782;3.024
171;54.6;16.7;4.786;3.024
172;54.6;16.75;4.788;3.025
173;54.79;16.8;4.789;3.027
174;55.0;16.82;4.815;3.031
175;55.11;16.83;4.838;3.033
176;55.18;16.83;4.838;3.034
177;55.2;16.84;4.848;3.034
178;55.2;16.86;4.85;3.039
179;55.21;16.89;4.864;3.044
180;55.21;16.92;4.932;3.045
181;55.28;16.96;4.969;3.053
182;55.56;16.99;4.975;3.087
183;55.82;17.01;4.994;3.129
184;55.98;17.03;5.044;3.152
185;56.09;17.06;5.067;3.159
186;56.09;17.1;5.067;3.16
187;56.53;17.15;5.067;3.177
188;56.9;17.21;5.067;3.193
189;56.91;17.27;5.067;3.204
190;56.92;17.34;5.071;3.21
191;56.92;17.39;5.081;3.211
192;56.92;17.42;5.084;3.213
193;56.93;17.42;5.084;3.215
194;56.93;17.42;5.085;3.218
195;56.94;17.42;5.092;3.219
196;56.99;17.41;5.103;3.22
197;57.09;17.41;5.103;3.23
198;57.09;17.4;5.107;3.249
199;57.21;17.4;5.11;3.269
200;57.32;17.41;5.111;3.29
201;57.32;17.43;5.112;3.31
202;57.32;17.47;5.115;3.318
203;57.33;17.5;5.116;3.32
204;57.5;17.51;5.116;3.32
205;58.34;17.51;5.116;3.319
206;59.12;17.51;5.118;3.319
207;59.63;17.51;5.119;3.319
208;59.98;17.51;5.12;3.319
209;60.07;17.51;5.121;3.32
210;60.07;17.51;5.122;3.321
211;60.07;17.51;5.14;3.322
212;60.07;17.51;5.167;3.333
213;60.13;17.51;5.17;3.355
214;60.27;17.51;5.192;3.371
215;60.27;17.51;5.225;3.371
216;60.39;17.52;5.228;3.389
217;60.41;17.53;5.229;3.493
218;60.48;17.54;5.231;3.635
219;60.69;17.54;5.232;3.737
220;60.87;17.55;5.233;3.795
221;61.04;17.55;5.238;3.824
222;61.27;17.57;5.246;3.828
223;61.59;17.62;5.25;3.832
224;61.91;17.68;5.251;3.863
225;61.95;17.75;5.251;3.908
226;62.01;17.81;5.252;3.953
227;62.16;17.87;5.268;3.997
228;62.3;17.91;5.291;4.037
229;62.41;17.94;5.296;4.065
230;62.41;17.96;5.296;4.069
231;62.58;17.96;5.303;4.068
232;62.85;17.96;5.33;4.081
233;62.86;17.96;5.349;4.101
234;63.04;17.95;5.351;4.125
235;63.57;17.95;5.403;4.147
236;64.11;17.96;5.456;4.156
237;64.39;17.97;5.458;4.161
238;64.4;17.98;5.467;4.163
239;64.59;17.99;5.473;4.163
240;64.89;18.02;5.471;4.164
241;65.01;18.02;5.47;4.166
242;65.07;18.03;5.47;4.17
243;65.12;18.04;5.471;4.177
244;65.13;18.06;5.471;4.186
245;65.15;18.07;5.478;4.192
246;65.18;18.08;5.486;4.196
247;65.23;18.08;5.486;4.201
248;65.3;18.08;5.487;4.203
249;65.32;18.08;5.497;4.204
250;65.32;18.1;5.501;4.204
251;65.32;18.14;5.503;4.204
252;65.35;18.18;5.508;4.204
253;65.39;18.24;5.508;4.203
254;65.42;18.28;5.51;4.203
255;65.44;18.32;5.516;4.205
256;65.45;18.37;5.523;4.207
257;65.45;18.46;5.527;4.207
258;65.45;18.54;5.527;4.207
259;65.45;18.61;5.527;4.207
260;65.45;18.67;5.527;4.207
261;65.46;18.69;5.53;4.208
262;65.49;18.7;5.532;4.209
263;65.6;18.69;5.534;4.212
264;65.65;18.7;5.537;4.217
265;65.65;18.72;5.536;4.224
266;65.67;18.8;5.536;4.227
267;65.67;18.95;5.536;4.227
268;65.67;19.13;5.537;4.228
269;65.68;19.31;5.537;4.233
270;65.72;19.5;5.543;4.245
271;65.73;19.75;5.547;4.26
272;65.83;20.01;5.547;4.274
273;65.99;20.25;5.55;4.284
274;66.0;20.43;5.558;4.289
275;65.99;20.55;5.564;4.289
276;65.99;20.63;5.564;4.288
277;65.99;20.68;5.564;4.288
278;66.02;20.71;5.569;4.288
279;66.05;20.71;5.576;4.288
280;66.13;20.71;5.577;4.287
281;66.17;20.71;5.606;4.287
282;66.22;20.72;5.632;4.287
283;66.36;20.72;5.642;4.287
284;66.36;20.73;5.648;4.288
285;66.36;20.75;5.648;4.289
286;66.37;20.8;5.649;4.289
287;66.37;20.89;5.651;4.289
288;66.37;20.97;5.651;4.288
289;66.37;21.04;5.652;4.289
290;66.38;21.12;5.654;4.291
291;66.39;21.21;5.654;4.292
292;66.39;21.25;5.654;4.293
293;66.4;21.27;5.654;4.293
294;66.44;21.27;5.654;4.293
295;66.64;21.28;5.656;4.293
296;67.38;21.28;5.668;4.292
297;68.21;21.28;5.672;4.292
298;68.6;21.28;5.673;4.292
299;68.67;21.29;5.695;4.292
300;68.69;21.32;5.754;4.292
301;68.85;21.36;5.795;4.292
302;68.91;21.43;5.82;4.292
303;68.91;21.5;5.835;4.294
304;68.91;21.55;5.84;4.297
305;68.94;21.6;5.845;4.298
306;68.96;21.64;5.85;4.3
307;68.96;21.67;5.85;4.304
308;68.96;21.67;5.85;4.306
309;68.97;21.67;5.851;4.307
310;69.0;21.67;5.85;4.308
311;69.03;21.67;5.85;4.308
312;69.06;21.67;5.847;4.308
313;69.07;21.67;5.842;4.308
314;69.07;21.67;5.837;4.31
315;69.07;21.67;5.836;4.314
316;69.07;21.68;5.837;4.325
317;69.09;21.68;5.837;4.339
318;69.1;21.69;5.837;4.355
319;69.11;21.69;5.837;4.369
320;69.13;21.69;5.835;4.376
321;69.17;21.69;5.835;4.381
322;69.19;21.69;5.842;4.39
323;69.21;21.69;5.867;4.401
324;69.3;21.7;5.885;4.406
325;69.35;21.71;5.889;4.405
326;69.35;21.72;5.882;4.409
327;69.35;21.74;5.88;4.422
328;69.35;21.75;5.878;4.436
329;69.35;21.76;5.871;4.442
330;69.35;21.77;5.873;4.45
331;69.36;21.78;5.873;4.468
332;69.67;21.78;5.89;4.494
333;70.65;21.79;5.902;4.519
334;71.63;21.8;5.902;4.545
335;72.01;21.81;5.902;4.573
336;72.02;21.83;5.902;4.601
337;72.66;21.89;5.902;4.639
338;73.78;21.97;5.903;4.675
339;74.26;22.05;5.903;4.686
340;74.33;22.12;5.914;4.686
341;74.34;22.17;5.915;4.697
342;74.33;22.2;5.912;4.729
343;74.36;22.21;5.913;4.781
344;74.42;22.21;5.913;4.837
345;74.44;22.22;5.922;4.877
346;74.46;22.22;5.939;4.893
347;74.51;22.22;5.937;4.896
348;74.52;22.22;5.939;4.897
349;74.53;22.23;5.939;4.898
350;74.54;22.24;5.939;4.897
351;74.6;22.24;5.945;4.898
352;74.61;22.25;5.949;4.9
353;74.61;22.28;5.947;4.904
354;74.62;22.32;5.947;4.906
355;74.63;22.37;5.947;4.908
356;74.63;22.41;5.946;4.909
357;74.63;22.46;5.939;4.911
358;74.63;22.5;5.933;4.914
359;74.64;22.53;5.936;4.915
360;74.73;22.55;5.937;4.916
361;74.88;22.56;5.937;4.917
362;74.9;22.57;5.936;4.918
363;74.92;22.57;5.942;4.918
364;74.95;22.58;5.948;4.918
365;74.96;22.58;5.945;4.919
366;74.96;22.58;5.941;4.919
367;74.97;22.58;5.939;4.924
368;74.97;22.64;5.929;4.94
369;74.97;22.75;5.927;4.969
370;74.97;22.87;5.927;5.005
371;74.97;22.98;5.926;5.038
372;74.97;23.08;5.921;5.058
373;74.97;23.16;5.915;5.073
374;74.98;23.2;5.913;5.087
375;74.98;23.22;5.911;5.098
376;74.98;23.23;5.907;5.107
377;74.99;23.24;5.903;5.11
378;75.02;23.25;5.904;5.112
379;75.02;23.26;5.904;5.115
380;75.0;23.28;5.895;5.116
381;75.0;23.33;5.885;5.116
382;75.0;23.37;5.883;5.116
383;75.02;23.39;5.89;5.115
384;75.07;23.4;5.904;5.114
385;75.07;23.4;5.903;5.114
386;75.05;23.4;5.903;5.114
387;75.02;23.4;5.902;5.114
388;75.01;23.4;5.901;5.113
389;75.04;23.4;5.901;5.112
390;75.08;23.41;5.903;5.112
391;75.07;23.43;5.907;5.112
392;75.09;23.46;5.909;5.113
393;75.19;23.52;5.913;5.115
394;75.23;23.58;5.914;5.117
395;75.23;23.63;5.924;5.119
396;75.29;23.66;5.951;5.12
397;75.35;23.69;5.954;5.121
398;75.34;23.73;5.959;5.122
399;75.31;23.76;5.961;5.122
400;75.33;23.79;5.959;5.123
401;75.35;23.82;5.948;5.124
402;75.35;23.84;5.943;5.126
403;75.35;23.86;5.945;5.13
404;75.36;23.87;5.951;5.133
405;75.38;23.87;5.954;5.134
406;75.36;23.87;5.955;5.134
407;75.33;23.87;5.954;5.134
408;75.32;23.87;5.953;5.134
409;75.31;23.86;5.946;5.133
410;75.31;23.86;5.939;5.132
411;75.33;23.86;5.939;5.132
412;75.36;23.87;5.939;5.132
413;75.45;23.87;5.939;5.131
414;75.62;23.88;5.941;5.131
415;75.77;23.89;5.934;5.132
416;75.85;23.9;5.93;5.132
417;75.86;23.92;5.931;5.132
418;75.89;23.95;5.93;5.132
419;76.01;23.98;5.93;5.132
420;76.15;24.01;5.93;5.132
421;76.26;24.03;5.929;5.132
422;76.27;24.05;5.926;5.133
423;76.25;24.07;5.927;5.134
424;76.32;24.08;5.933;5.134
425;76.35;24.09;5.939;5.139
426;76.36;24.1;5.939;5.144
427;76.37;24.11;5.94;5.149
428;76.39;24.11;5.942;5.153
429;76.42;24.11;5.942;5.157
430;76.45;24.11;5.935;5.158
431;76.47;24.11;5.943;5.155
432;76.48;24.09;5.951;5.151
433;76.5;24.08;5.951;5.145
434;76.6;24.07;5.953;5.138
435;76.65;24.06;5.954;5.131
436;76.65;24.04;5.954;5.124
437;76.66;24.03;5.953;5.119
438;76.68;24.02;5.94;5.112
439;76.78;24.02;5.932;5.106
440;76.82;24.02;5.933;5.102
441;76.84;24.02;5.934;5.101
442;76.86;24.02;5.932;5.102
443;76.87;24.02;5.929;5.103
444;76.86;24.01;5.926;5.102
445;76.84;24.01;5.926;5.099
446;76.89;24.01;5.927;5.095
447;76.97;24.01;5.927;5.092
448;77.0;24.01;5.926;5.089
449;76.99;24.0;5.929;5.087
450;76.99;23.99;5.926;5.088
451;76.96;23.96;5.925;5.09
452;76.9;23.94;5.944;5.09
453;76.86;23.92;6.046;5.091
454;76.85;23.92;6.091;5.088
455;76.86;23.93;6.094;5.083
456;76.88;23.96;6.11;5.079
457;76.85;23.96;6.119;5.078
458;76.74;23.96;6.126;5.079
459;76.62;23.96;6.126;5.078
460;76.47;23.96;6.13;5.073
461;76.25;23.96;6.129;5.063
462;76.07;23.96;6.136;5.048
463;75.96;23.96;6.139;5.04
464;75.85;23.96;6.129;5.034
465;75.81;23.96;6.116;5.027
466;75.79;23.96;6.112;5.024
467;75.72;23.95;6.11;5.02
468;75.71;23.95;6.107;5.003
469;75.71;23.95;6.103;4.987
470;75.72;23.95;6.104;4.981
471;75.72;23.95;6.1;4.979
472;75.76;23.95;6.096;4.981
473;75.72;23.95;6.097;4.987
474;75.68;23.96;6.095;4.991
475;75.69;23.97;6.088;4.992
476;75.59;24.0;6.075;4.996
477;75.45;24.06;6.048;4.995
478;75.43;24.12;6.033;4.983
479;75.63;24.16;6.026;4.973
480;75.83;24.16;6.019;4.97
481;75.87;24.17;6.039;4.97
482;75.88;24.17;6.065;4.971
483;76.07;24.19;6.068;4.972
484;76.26;24.23;6.067;4.971
485;76.29;24.31;6.038;4.972
486;76.29;24.43;6.024;4.974
487;76.24;24.57;6.022;4.973
488;76.05;24.69;6.034;4.965
489;75.76;24.71;6.031;4.952
490;75.42;24.71;6.023;4.941
491;75.11;24.72;6.017;4.931
492;75.0;24.74;6.03;4.919
493;75.0;24.78;6.031;4.914
494;75.05;24.8;6.024;4.914
495;75.1;24.81;6.024;4.915
496;75.07;24.82;6.018;4.917
497;74.91;24.83;5.989;4.921
498;74.69;24.85;5.983;4.925
499;74.55;24.89;5.989;4.927
500;74.47;24.98;5.999;4.931
501;74.49;25.18;6.006;4.938
502;74.58;25.53;5.997;4.943
503;74.4;25.92;5.997;4.952
504;74.24;26.27;5.985;4.963
505;74.2;26.58;5.981;4.971
506;74.08;26.87;5.98;4.979
507;73.75;27.1;5.979;4.985
508;73.6;27.27;5.978;4.988
509;73.78;27.39;5.979;4.989
510;73.89;27.48;5.978;4.987
511;73.94;27.55;5.977;4.982
512;73.96;27.59;5.977;4.974
513;74.03;27.6;5.976;4.968
514;74.38;27.6;5.95;4.964
515;74.63;27.6;5.88;4.963
516;74.69;27.6;5.855;4.96
517;74.66;27.63;5.845;4.957
518;74.67;27.66;5.775;4.953
519;74.42;27.72;5.745;4.951
520;73.78;27.79;5.744;4.951
521;73.47;27.84;5.729;4.95
522;73.27;27.89;5.723;4.949
523;73.06;27.93;5.723;4.943
524;73.02;27.94;5.723;4.935
525;73.05;27.95;5.723;4.928
526;73.08;27.94;5.723;4.924
527;73.08;27.92;5.718;4.921
528;73.08;27.88;5.686;4.919
529;73.04;27.83;5.667;4.919
530;72.93;27.76;5.67;4.919
531;72.92;27.71;5.657;4.918
532;72.88;27.68;5.65;4.917
533;72.82;27.67;5.649;4.917
534;72.72;27.67;5.651;4.918
535;72.6;27.67;5.651;4.923
536;72.58;27.66;5.652;4.931
537;72.59;27.65;5.653;4.938
538;72.6;27.64;5.653;4.942
539;72.67;27.62;5.652;4.943
540;72.69;27.6;5.651;4.942
541;72.66;27.58;5.646;4.942
542;72.62;27.56;5.646;4.945
543;72.59;27.54;5.643;4.953
544;72.48;27.53;5.624;4.967
545;72.33;27.54;5.6;4.982
546;72.27;27.55;5.595;4.998
547;72.27;27.53;5.588;5.01
548;72.25;27.45;5.564;5.013
549;72.16;27.31;5.563;5.011
550;71.92;27.14;5.556;5.007
551;71.75;26.97;5.551;5.006
552;71.73;26.72;5.561;5.004
553;71.74;26.43;5.552;4.999
554;71.73;26.23;5.537;4.994
555;71.7;26.13;5.533;4.992
556;71.68;26.07;5.536;4.992
557;71.67;26.02;5.538;4.988
558;71.67;26.0;5.538;4.984
559;71.59;25.98;5.536;4.979
560;71.4;25.96;5.537;4.975
561;71.16;25.95;5.537;4.976
562;70.92;25.93;5.537;4.977
563;70.6;25.92;5.537;4.977
564;70.08;25.91;5.538;4.978
565;69.63;25.9;5.527;4.982
566;69.5;25.9;5.519;4.987
567;69.44;25.9;5.52;4.989
568;69.42;25.89;5.518;4.992
569;69.4;25.87;5.514;5.001
570;69.1;25.79;5.51;5.019
571;68.67;25.7;5.502;5.042
572;68.5;25.64;5.44;5.064
573;68.5;25.58;5.421;5.083
574;68.43;25.54;5.41;5.092
575;68.24;25.53;5.388;5.092
576;68.05;25.52;5.391;5.097
577;67.87;25.51;5.39;5.103
578;67.72;25.5;5.37;5.103
579;67.72;25.48;5.367;5.101
580;67.65;25.44;5.358;5.1
581;67.65;25.39;5.352;5.1
582;67.51;25.32;5.34;5.101
583;67.39;25.24;5.309;5.103
584;67.38;25.17;5.304;5.106
585;67.41;25.12;5.3;5.107
586;67.26;25.1;5.3;5.1
587;67.2;25.1;5.261;5.091
588;67.2;25.12;5.178;5.083
589;67.02;25.13;5.169;5.069
590;65.8;25.12;5.164;5.043
591;64.46;25.11;5.16;5.026
592;63.89;25.08;5.161;5.026
593;63.7;25.05;5.15;5.038
594;63.64;25.02;5.108;5.059
595;63.66;24.98;5.109;5.081
596;63.66;24.95;5.107;5.098
597;63.67;24.92;5.107;5.1
598;63.67;24.88;5.106;5.093
599;63.72;24.84;5.101;5.082
600;63.74;24.8;5.079;5.075
601;63.66;24.76;5.066;5.07
602;63.54;24.73;5.068;5.066
603;63.38;24.7;5.055;5.067
604;63.32;24.67;5.056;5.071
605;63.32;24.64;5.043;5.074
606;63.22;24.63;5.021;5.073
607;62.95;24.63;5.022;5.072
608;62.56;24.63;5.02;5.072
609;62.49;24.62;5.017;5.07
610;62.52;24.62;5.016;5.067
611;62.52;24.62;5.007;5.066
612;62.52;24.61;4.971;5.066
613;62.48;24.58;4.942;5.066
614;62.37;24.53;4.934;5.067
615;62.3;24.46;4.936;5.066
616;62.23;24.36;4.935;5.064
617;62.2;24.24;4.932;5.061
618;62.17;24.12;4.931;5.062
619;61.9;24.05;4.929;5.065
620;61.58;24.02;4.919;5.07
621;61.33;24.02;4.911;5.073
622;61.2;24.05;4.908;5.077
623;61.2;24.1;4.906;5.081
624;61.03;24.18;4.905;5.081
625;60.84;24.25;4.88;5.081
626;60.74;24.31;4.858;5.083
627;60.68;24.34;4.858;5.085
628;60.66;24.35;4.849;5.088
629;60.66;24.33;4.846;5.09
630;60.65;24.31;4.83;5.091
631;60.65;24.3;4.762;5.092
632;60.6;24.28;4.726;5.089
633;60.33;24.26;4.72;5.068
634;60.09;24.25;4.701;5.043
635;59.95;24.24;4.646;5.028
636;59.85;24.22;4.623;5.023
637;59.84;24.19;4.622;5.023
638;59.43;24.15;4.623;5.013
639;59.08;24.11;4.623;5.002
640;59.07;24.07;4.623;4.995
641;59.05;24.02;4.619;4.991
642;59.05;23.98;4.608;4.991
643;59.05;23.96;4.605;4.99
644;59.05;23.96;4.605;4.988
645;59.05;23.96;4.604;4.987
646;59.04;23.96;4.596;4.987
647;58.99;23.97;4.584;4.988
648;58.91;23.98;4.584;4.983
649;58.9;24.0;4.581;4.974
650;58.79;24.01;4.578;4.963
651;58.68;24.01;4.577;4.951
652;58.69;23.99;4.575;4.939
653;58.69;23.97;4.572;4.936
654;58.68;23.94;4.571;4.937
655;58.52;23.93;4.571;4.938
656;57.69;23.93;4.57;4.938
657;56.88;23.94;4.57;4.938
658;56.35;23.94;4.571;4.938
659;55.98;23.94;4.57;4.938
660;55.89;23.95;4.568;4.937
661;55.89;23.97;4.568;4.937
662;55.9;23.98;4.548;4.936
663;55.9;23.99;4.516;4.929
664;55.84;24.0;4.514;4.915
665;55.69;24.0;4.488;4.904
666;55.69;24.0;4.45;4.903
667;55.56;24.0;4.446;4.89
668;55.54;23.99;4.446;4.817
669;55.46;23.98;4.443;4.709
670;55.23;23.98;4.443;4.629
671;55.04;23.98;4.442;4.582
672;54.85;23.98;4.436;4.559
673;54.6;23.96;4.427;4.556
674;54.23;23.93;4.422;4.552
675;53.88;23.88;4.421;4.525
676;53.84;23.83;4.421;4.485
677;53.76;23.78;4.42;4.446
678;53.58;23.74;4.401;4.405
679;53.43;23.71;4.375;4.368
680;53.3;23.68;4.369;4.341
681;53.29;23.67;4.369;4.335
682;53.1;23.67;4.361;4.333
683;52.78;23.67;4.328;4.319
684;52.76;23.67;4.303;4.298
685;52.54;23.67;4.302;4.273
686;51.9;23.67;4.235;4.251
687;51.23;23.67;4.165;4.241
688;50.87;23.66;4.163;4.237
689;50.87;23.65;4.149;4.235
690;50.62;23.64;4.14;4.235
691;50.23;23.63;4.139;4.234
692;50.08;23.62;4.139;4.232
693;50.0;23.62;4.139;4.229
694;49.93;23.61;4.138;4.223
695;49.91;23.6;4.138;4.216
696;49.89;23.59;4.129;4.211
697;49.85;23.58;4.118;4.206
698;49.79;23.58;4.117;4.202
699;49.7;23.58;4.116;4.199
700;49.66;23.58;4.103;4.198
701;49.66;23.57;4.098;4.198
702;49.66;23.54;4.096;4.198
703;49.62;23.5;4.088;4.198
704;49.57;23.46;4.087;4.198
705;49.53;23.43;4.086;4.199
706;49.5;23.4;4.077;4.197
707;49.49;23.35;4.068;4.195
708;49.48;23.28;4.063;4.194
709;49.48;23.22;4.063;4.194
710;49.48;23.16;4.062;4.194
711;49.48;23.11;4.062;4.193
712;49.47;23.09;4.06;4.192
713;49.42;23.09;4.057;4.191
714;49.28;23.09;4.054;4.188
715;49.21;23.09;4.051;4.182
716;49.2;23.07;4.051;4.176
717;49.19;23.01;4.05;4.174
718;49.19;22.88;4.05;4.174
719;49.18;22.73;4.049;4.175
720;49.17;22.57;4.048;4.171
721;49.11;22.41;4.039;4.161
722;49.09;22.2;4.034;4.149
723;48.95;21.96;4.034;4.137
724;48.72;21.74;4.03;4.128
725;48.71;21.57;4.02;4.126
726;48.71;21.45;4.012;4.13
727;48.7;21.38;4.011;4.134
728;48.7;21.33;4.011;4.136
729;48.66;21.31;4.003;4.139
730;48.63;21.31;3.992;4.141
731;48.52;21.32;3.99;4.141
732;48.46;21.33;3.949;4.141
733;48.38;21.34;3.913;4.139
734;48.2;21.35;3.898;4.139
735;48.19;21.36;3.887;4.138
736;48.19;21.35;3.884;4.137
737;48.19;21.31;3.883;4.137
738;48.19;21.25;3.881;4.138
739;48.18;21.19;3.881;4.14
740;48.17;21.13;3.88;4.14
741;48.16;21.05;3.876;4.138
742;48.16;20.97;3.876;4.137
743;48.15;20.92;3.876;4.137
744;48.14;20.9;3.875;4.138
745;48.09;20.89;3.875;4.137
746;47.79;20.89;3.871;4.137
747;46.76;20.89;3.855;4.138
748;45.53;20.9;3.85;4.138
749;44.95;20.91;3.849;4.138
750;44.83;20.92;3.816;4.137
751;44.8;20.92;3.725;4.137
752;44.55;20.9;3.661;4.137
753;44.46;20.87;3.62;4.136
754;44.45;20.83;3.598;4.134
755;44.45;20.79;3.59;4.132
756;44.41;20.75;3.58;4.13
757;44.37;20.71;3.572;4.128
758;44.37;20.69;3.572;4.124
759;44.37;20.69;3.572;4.121
760;44.36;20.69;3.571;4.12
761;44.32;20.69;3.572;4.118
762;44.28;20.69;3.571;4.117
763;44.23;20.7;3.569;4.117
764;44.2;20.71;3.564;4.117
765;44.2;20.71;3.562;4.115
766;44.2;20.71;3.564;4.111
767;44.19;20.71;3.564;4.103
768;44.17;20.71;3.564;4.09
769;44.15;20.7;3.564;4.076
770;44.14;20.7;3.564;4.065
771;44.11;20.7;3.564;4.06
772;44.04;20.7;3.564;4.057
773;44.01;20.7;3.552;4.05
774;43.97;20.71;3.51;4.042
775;43.82;20.71;3.481;4.04
776;43.73;20.7;3.471;4.042
777;43.73;20.7;3.467;4.041
778;43.73;20.7;3.467;4.031
779;43.73;20.69;3.466;4.018
780;43.72;20.68;3.462;4.011
781;43.72;20.67;3.457;4.004
782;43.71;20.66;3.455;3.986
783;43.21;20.65;3.425;3.96
784;41.59;20.65;3.409;3.935
785;39.88;20.64;3.417;3.907
786;39.19;20.63;3.429;3.876
787;39.18;20.6;3.444;3.844
788;37.96;20.54;3.458;3.799
789;35.74;20.45;3.469;3.754
790;34.73;20.37;3.48;3.741
791;34.58;20.29;3.47;3.741
792;34.54;20.24;3.467;3.727
793;34.52;20.22;3.468;3.685
794;34.47;20.21;3.468;3.617
795;34.33;20.2;3.468;3.541
796;34.29;20.2;3.465;3.485
797;34.24;20.2;3.457;3.463
798;34.14;20.2;3.471;3.461
799;34.1;20.19;3.479;3.46
800;34.09;20.19;3.488;3.46
801;34.08;20.18;3.486;3.46
802;33.94;20.18;3.478;3.459
803;33.91;20.16;3.475;3.455
804;33.9;20.13;3.48;3.45
805;33.88;20.09;3.481;3.447
806;33.86;20.03;3.483;3.444
807;33.85;19.99;3.485;3.443
808;33.84;19.94;3.485;3.44
809;33.83;19.88;3.484;3.437
810;33.8;19.85;3.479;3.435
811;33.58;19.83;3.479;3.433
812;33.24;19.82;3.479;3.431
813;33.17;19.81;3.477;3.431
814;33.12;19.81;3.466;3.431
815;33.04;19.8;3.449;3.431
816;33.03;19.8;3.439;3.43
817;33.02;19.8;3.438;3.43
818;32.99;19.79;3.438;3.423
819;32.99;19.74;3.437;3.398
820;32.99;19.61;3.436;3.354
821;32.99;19.47;3.433;3.298
822;32.99;19.34;3.433;3.248
823;32.99;19.22;3.433;3.216
824;32.99;19.13;3.433;3.192
825;32.98;19.08;3.43;3.17
826;32.97;19.05;3.428;3.153
827;32.97;19.04;3.428;3.143
828;32.94;19.03;3.428;3.137
829;32.88;19.02;3.424;3.134
830;32.83;19.01;3.423;3.132
831;32.81;18.98;3.423;3.13
832;32.8;18.92;3.423;3.129
833;32.79;18.87;3.423;3.13
834;32.74;18.84;3.408;3.13
835;32.64;18.84;3.378;3.13
836;32.64;18.84;3.374;3.13
837;32.63;18.84;3.372;3.13
838;32.58;18.84;3.371;3.13
839;32.45;18.84;3.371;3.13
840;32.29;18.83;3.371;3.13
841;32.16;18.82;3.36;3.129
842;32.15;18.8;3.34;3.129
843;32.06;18.76;3.327;3.132
844;31.83;18.69;3.319;3.133
845;31.72;18.61;3.318;3.136
846;31.72;18.55;3.299;3.143
847;31.58;18.51;3.246;3.148
848;31.42;18.46;3.241;3.153
849;31.39;18.42;3.232;3.161
850;31.37;18.39;3.23;3.166
851;31.24;18.34;3.229;3.17
852;31.09;18.3;3.228;3.174
853;31.05;18.28;3.227;3.174
854;31.05;18.26;3.225;3.168
855;31.03;18.26;3.214;3.163
856;30.97;18.25;3.206;3.162
857;30.95;18.25;3.203;3.162
858;30.95;18.25;3.203;3.163
859;30.95;18.25;3.203;3.163
860;30.95;18.25;3.203;3.164
861;30.93;18.25;3.203;3.167
862;30.89;18.24;3.203;3.172
863;30.81;18.25;3.201;3.178
864;30.6;18.25;3.201;3.185
865;30.17;18.24;3.194;3.192
866;29.74;18.23;3.193;3.194
867;29.49;18.22;3.193;3.198
868;29.47;18.19;3.189;3.201
869;29.39;18.16;3.179;3.201
870;29.07;18.12;3.179;3.201
871;28.68;18.09;3.173;3.2
872;28.38;18.06;3.16;3.198
873;28.29;18.03;3.155;3.194
874;28.28;18.01;3.154;3.189
875;28.08;18.0;3.135;3.184
876;27.98;18.0;3.12;3.177
877;27.98;18.0;3.121;3.168
878;27.94;18.0;3.116;3.16
879;27.89;18.01;3.111;3.154
880;27.79;18.02;3.11;3.15
881;27.69;18.02;3.108;3.149
882;27.63;18.02;3.085;3.149
883;27.61;18.02;3.071;3.148
884;27.56;18.02;3.072;3.148
885;27.27;18.01;3.068;3.147
886;27.13;18.01;3.067;3.147
887;27.1;18.01;3.067;3.147
888;27.08;18.01;3.065;3.147
889;27.02;18.02;3.064;3.147
890;26.72;18.02;3.063;3.147
891;26.6;18.01;3.063;3.147
892;26.54;18.01;3.061;3.148
893;26.47;18.01;3.059;3.147
894;26.46;18.01;3.061;3.145
895;26.46;18.01;3.064;3.143
896;26.42;18.01;3.066;3.142
897;26.16;18.01;3.063;3.142
898;25.89;18.02;3.065;3.141
899;25.83;18.01;3.059;3.142
900;25.82;18.01;3.053;3.142
901;25.82;18.01;3.053;3.14
902;25.82;18.02;3.053;3.139
903;25.81;18.02;3.015;3.139
904;25.77;18.02;2.804;3.138
905;25.68;18.01;2.698;3.141
906;25.58;17.98;2.692;3.144
907;25.51;17.95;2.649;3.146
908;25.46;17.94;2.629;3.15
909;25.46;17.95;2.609;3.151
910;25.44;17.96;2.608;3.151
911;25.43;17.96;2.597;3.15
912;25.43;17.97;2.596;3.149
913;25.42;17.97;2.579;3.15
914;25.4;17.97;2.572;3.15
915;25.4;17.97;2.57;3.149
916;25.4;17.97;2.554;3.143
917;25.38;17.97;2.542;3.129
918;25.32;17.97;2.541;3.113
919;25.31;17.97;2.538;3.108
920;25.29;17.97;2.516;3.105
921;25.19;17.97;2.488;3.103
922;25.07;17.97;2.486;3.105
923;24.96;17.97;2.489;3.103
924;24.91;17.97;2.49;3.096
925;24.9;17.98;2.493;3.088
926;24.89;17.97;2.497;3.081
927;24.86;17.93;2.498;3.077
928;24.74;17.87;2.5;3.073
929;24.44;17.8;2.5;3.073
930;23.7;17.77;2.501;3.072
931;22.98;17.76;2.5;3.072
932;22.85;17.75;2.45;3.072
933;22.77;17.74;2.381;3.071
934;22.06;17.71;2.374;3.068
935;21.29;17.65;2.366;3.068
936;21.15;17.54;2.321;3.067
937;21.15;17.37;2.261;3.061
938;21.14;17.16;2.259;3.055
939;21.12;17.01;2.229;3.051
940;21.12;16.97;2.226;3.05
941;21.12;16.99;2.201;3.049
942;21.11;16.99;2.201;3.048
943;21.09;16.97;2.151;3.049
944;20.97;16.93;2.114;3.05
945;20.73;16.9;2.111;3.05
946;20.53;16.89;2.11;3.048
947;20.38;16.89;2.109;3.044
948;20.24;16.89;2.102;3.04
949;20.21;16.87;2.082;3.036
950;20.21;16.82;2.062;3.03
951;20.17;16.68;2.028;3.019
952;19.89;16.38;1.999;3.008
953;19.55;15.83;1.994;2.999
954;19.5;15.18;1.994;2.982
955;19.49;14.57;1.993;2.964
956;19.46;13.98;1.992;2.952
957;19.4;13.41;1.992;2.938
958;19.37;12.94;1.992;2.923
959;19.3;12.58;1.99;2.912
960;18.6;12.3;1.985;2.901
961;17.82;12.08;1.985;2.887
962;17.42;11.87;1.981;2.875
963;17.33;11.71;1.98;2.865
964;17.07;11.63;1.98;2.856
965;15.36;11.6;1.98;2.848
966;14.0;11.6;1.98;2.843
967;13.71;11.59;1.98;2.842
968;13.63;11.53;1.979;2.842
969;13.57;11.43;1.979;2.842
970;13.57;11.27;1.979;2.842
971;13.51;11.1;1.979;2.842
972;13.31;10.94;1.968;2.842
973;13.23;10.77;1.962;2.843
974;13.22;10.62;1.962;2.843
975;13.13;10.53;1.962;2.843
976;12.94;10.47;1.961;2.843
977;12.7;10.45;1.959;2.843
978;12.68;10.46;1.952;2.841
979;12.63;10.47;1.95;2.838
980;12.58;10.49;1.949;2.838
981;12.56;10.49;1.939;2.838
982;12.56;10.48;1.927;2.838
983;12.51;10.46;1.926;2.838
984;12.44;10.44;1.919;2.837
985;12.44;10.43;1.895;2.836
986;12.44;10.42;1.893;2.828
987;12.43;10.41;1.886;2.814
988;12.42;10.4;1.878;2.802
989;12.32;10.39;1.878;2.795
990;11.88;10.4;1.878;2.79
991;11.77;10.4;1.877;2.789
992;11.77;10.41;1.878;2.788
993;11.65;10.43;1.876;2.781
994;11.37;10.44;1.87;2.766
995;11.21;10.44;1.868;2.741
996;11.18;10.42;1.868;2.712
997;11.18;10.39;1.867;2.68
998;11.16;10.36;1.863;2.65
999;11.1;10.33;1.857;2.633
1000;10.91;10.29;1.857;2.626
1001;10.82;10.25;1.852;2.622
1002;10.82;10.22;1.834;2.619
1003;10.81;10.18;1.808;2.617
1004;10.62;10.15;1.808;2.615
1005;10.13;10.13;1.797;2.614
1006;9.64;10.1;1.785;2.614
1007;9.298;10.08;1.778;2.614
1008;9.214;10.06;1.77;2.614
1009;9.21;10.05;1.77;2.612
1010;9.189;10.04;1.769;2.612
1011;9.189;10.04;1.766;2.612
1012;9.164;10.04;1.762;2.612
1013;9.164;10.04;1.763;2.61
1014;9.087;10.04;1.764;2.608
1015;8.897;10.04;1.76;2.603
1016;8.869;10.04;1.755;2.587
1017;8.851;10.04;1.755;2.572
1018;8.851;10.04;1.751;2.565
1019;8.84;10.03;1.747;2.558
1020;8.84;10.02;1.744;2.54
1021;8.84;10.01;1.743;2.505
1022;8.837;9.991;1.743;2.457
1023;8.837;9.975;1.742;2.409
1024;8.837;9.964;1.741;2.37
1025;8.833;9.952;1.736;2.348
1026;8.816;9.942;1.736;2.347
1027;8.809;9.934;1.725;2.338
1028;8.802;9.93;1.721;2.323
1029;8.777;9.932;1.721;2.318
1030;8.77;9.932;1.718;2.315
1031;8.759;9.93;1.709;2.312
1032;8.759;9.921;1.705;2.311
1033;8.58;9.903;1.704;2.31
1034;8.154;9.878;1.697;2.299
1035;7.731;9.856;1.693;2.28
1036;7.477;9.841;1.692;2.259
1037;7.477;9.825;1.692;2.242
1038;7.217;9.798;1.692;2.237
1039;7.143;9.753;1.692;2.237
1040;7.079;9.714;1.691;2.227
1041;6.991;9.7;1.69;2.215
1042;6.991;9.694;1.686;2.197
1043;6.96;9.683;1.681;2.169
1044;6.921;9.661;1.681;2.132
1045;6.889;9.638;1.676;2.08
1046;6.692;9.622;1.659;2.004
1047;6.6;9.622;1.649;1.945
1048;6.569;9.618;1.649;1.935
1049;6.551;9.607;1.648;1.937
1050;6.083;9.589;1.646;1.936
1051;5.762;9.562;1.641;1.934
1052;5.762;9.534;1.641;1.928
1053;5.73;9.503;1.629;1.919
1054;5.678;9.456;1.629;1.904
1055;5.484;9.425;1.619;1.888
1056;5.47;9.417;1.612;1.879
1057;5.354;9.415;1.609;1.873
1058;5.202;9.415;1.603;1.866
1059;4.864;9.415;1.593;1.866
1060;4.064;9.415;1.59;1.866
1061;3.624;9.415;1.59;1.867
1062;3.547;9.413;1.589;1.866
1063;3.448;9.415;1.589;1.866
1064;3.349;9.415;1.589;1.866
1065;3.332;9.413;1.58;1.865
1066;3.332;9.406;1.568;1.864
1067;3.311;9.4;1.568;1.86
1068;3.307;9.392;1.567;1.858
1069;3.272;9.359;1.567;1.855
1070;3.212;9.273;1.566;1.845
1071;3.209;9.156;1.559;1.835
1072;3.209;9.014;1.553;1.831
1073;3.209;8.818;1.552;1.821
1074;3.209;8.563;1.552;1.812
1075;3.205;8.27;1.551;1.808
1076;3.198;8.007;1.55;1.801
1077;3.198;7.825;1.548;1.794
1078;3.198;7.714;1.544;1.788
1079;3.187;7.679;1.543;1.777
1080;3.184;7.681;1.543;1.762
1081;3.18;7.665;1.543;1.752
1082;3.177;7.644;1.538;1.744
1083;3.177;7.622;1.531;1.739
1084;3.177;7.607;1.528;1.74
1085;3.149;7.599;1.526;1.739
1086;3.128;7.591;1.526;1.74
1087;3.128;7.58;1.526;1.739
1088;3.124;7.572;1.526;1.739
1089;3.099;7.566;1.526;1.741
1090;3.092;7.556;1.526;1.743
1091;3.089;7.554;1.524;1.745
1092;3.082;7.554;1.524;1.745
1093;3.082;7.552;1.522;1.745
1094;3.064;7.55;1.522;1.745
1095;3.018;7.546;1.522;1.745
1096;2.997;7.546;1.521;1.743
1097;2.997;7.542;1.521;1.741
1098;2.962;7.515;1.52;1.738
1099;2.902;7.464;1.52;1.731
1100;2.874;7.402;1.518;1.725
1101;2.867;7.345;1.518;1.719
1102;2.853;7.31;1.518;1.714
1103;2.779;7.295;1.517;1.709
1104;2.624;7.289;1.517;1.704
1105;2.575;7.283;1.516;1.698
1106;2.571;7.281;1.516;1.696
1107;2.539;7.281;1.516;1.696
1108;2.49;7.279;1.513;1.696
1109;2.448;7.275;1.507;1.695
1110;2.448;7.265;1.507;1.695
1111;2.388;7.244;1.506;1.694
1112;2.31;7.201;1.504;1.692
1113;2.212;7.16;1.504;1.689
1114;2.141;7.135;1.504;1.686
1115;2.12;7.117;1.502;1.686
1116;1.951;7.105;1.501;1.686
1117;1.92;7.1;1.501;1.685
1118;1.905;7.1;1.501;1.685
1119;1.796;7.1;1.501;1.685
1120;1.754;7.096;1.501;1.685
1121;1.743;7.09;1.5;1.685
1122;1.712;7.086;1.498;1.686
1123;1.645;7.082;1.497;1.685
1124;1.553;7.076;1.497;1.684
1125;1.539;7.07;1.497;1.684
1126;1.215;7.066;1.496;1.684
1127;1.067;7.061;1.495;1.684
1128;1.067;7.055;1.495;1.683
1129;1.067;7.049;1.494;1.684
1130;1.067;7.045;1.491;1.683
1131;1.067;7.045;1.489;1.684
1132;1.06;7.055;1.489;1.684
1133;1.057;7.07;1.489;1.685
1134;1.057;7.086;1.489;1.685
1135;1.057;7.096;1.489;1.686
1136;1.057;7.109;1.489;1.687
1137;1.057;7.123;1.489;1.686
1138;1.057;7.127;1.489;1.685
1139;1.057;7.127;1.489;1.684
1140;1.053;7.125;1.489;1.684
1141;1.053;7.123;1.489;1.684
1142;1.053;7.119;1.489;1.686
1143;1.053;7.117;1.489;1.686
1144;1.05;7.115;1.489;1.683
1145;1.05;7.115;1.489;1.679
1146;1.05;7.115;1.489;1.677
1147;1.043;7.115;1.489;1.677
1148;1.032;7.113;1.489;1.678
1149;1.021;7.111;1.489;1.679
1150;1.014;7.113;1.488;1.68
1151;1.007;7.123;1.487;1.681
1152;0.9932;7.141;1.487;1.681
1153;0.9827;7.158;1.487;1.682
1154;0.965;7.178;1.487;1.684
1155;0.9474;7.193;1.485;1.684
1156;0.9474;7.201;1.484;1.684
1157;0.9439;7.205;1.484;1.685
1158;0.9439;7.209;1.484;1.685
1159;0.9404;7.211;1.484;1.686
1160;0.9333;7.213;1.483;1.69
1161;0.9298;7.215;1.483;1.693
1162;0.9298;7.213;1.482;1.693
1163;0.9298;7.215;1.481;1.693
1164;0.9263;7.217;1.481;1.693
1165;0.9157;7.223;1.481;1.694
1166;0.9122;7.226;1.481;1.693
1167;0.9122;7.23;1.48;1.692
1168;0.9087;7.234;1.48;1.69
1169;0.9122;7.236;1.48;1.688
1170;0.9122;7.238;1.48;1.686
1171;0.9087;7.236;1.479;1.685
1172;0.9087;7.234;1.479;1.679
1173;0.9087;7.23;1.479;1.67
1174;0.9087;7.223;1.479;1.663
1175;0.9087;7.217;1.478;1.66
1176;0.9087;7.217;1.478;1.655
1177;0.9087;7.215;1.478;1.642
1178;0.9052;7.215;1.478;1.633
1179;0.9052;7.213;1.478;1.628
1180;0.9052;7.203;1.479;1.621
1181;0.9052;7.187;1.478;1.617
1182;0.9052;7.158;1.478;1.616
1183;0.9052;7.121;1.478;1.615
1184;0.9052;7.084;1.478;1.614
1185;0.9052;7.049;1.478;1.614
1186;0.9052;7.012;1.479;1.614
1187;0.9052;6.971;1.479;1.614
1188;0.9052;6.918;1.479;1.614
1189;0.9016;6.852;1.479;1.611
1190;0.9016;6.793;1.478;1.606
1191;0.9052;6.766;1.478;1.603
1192;0.9052;6.756;1.478;1.603
1193;0.9052;6.752;1.478;1.603
1194;0.9052;6.75;1.478;1.602
1195;0.9087;6.75;1.478;1.6
1196;0.9087;6.743;1.479;1.599
1197;0.9052;6.727;1.479;1.596
1198;0.9052;6.709;1.477;1.595
1199;0.9052;6.69;1.475;1.595
1200;0.9087;6.655;1.475;1.595
1201;0.9087;6.598;1.475;1.595
1202;0.9087;6.516;1.475;1.595
1203;0.9087;6.403;1.475;1.594
1204;0.9087;6.284;1.474;1.594
1205;0.9052;6.196;1.473;1.594
1206;0.9052;6.149;1.473;1.594
1207;0.9052;6.118;1.473;1.594
1208;0.9052;6.095;1.473;1.594
1209;0.9052;6.083;1.473;1.594
1210;0.9052;6.081;1.473;1.596
1211;0.9016;6.083;1.472;1.595
1212;0.8981;6.079;1.471;1.596
1213;0.8981;6.071;1.471;1.598
1214;0.8981;6.056;1.469;1.597
1215;0.8946;6.029;1.468;1.594
1216;0.8911;5.997;1.465;1.592
1217;0.8876;5.98;1.459;1.59
1218;0.8805;5.974;1.458;1.583
1219;0.8735;5.972;1.458;1.577
1220;0.8735;5.97;1.457;1.569
1221;0.8699;5.97;1.457;1.557
1222;0.8664;5.968;1.457;1.549
1223;0.8664;5.962;1.457;1.544
1224;0.8664;5.945;1.457;1.537
1225;0.8664;5.921;1.456;1.527
1226;0.8664;5.894;1.455;1.518
1227;0.8664;5.865;1.455;1.513
1228;0.8664;5.831;1.454;1.506
1229;0.8629;5.8;1.452;1.494
1230;0.8594;5.785;1.452;1.488
1231;0.8594;5.781;1.451;1.486
1232;0.8594;5.781;1.447;1.483
1233;0.8559;5.779;1.447;1.475
1234;0.8523;5.779;1.447;1.465
1235;0.8488;5.781;1.439;1.458
1236;0.8453;5.783;1.419;1.453
1237;0.8383;5.785;1.387;1.448
1238;0.8347;5.789;1.35;1.443
1239;0.8347;5.789;1.311;1.441
1240;0.8312;5.787;1.28;1.441
1241;0.8277;5.785;1.25;1.44
1242;0.8277;5.781;1.219;1.44
1243;0.8277;5.775;1.201;1.44
1244;0.8277;5.767;1.189;1.439
1245;0.8277;5.759;1.182;1.439
1246;0.8277;5.755;1.18;1.439
1247;0.8312;5.751;1.132;1.439
1248;0.8312;5.748;1.062;1.44
1249;0.8347;5.746;1.012;1.436
1250;0.8347;5.744;0.9662;1.434
1251;0.8347;5.744;0.9329;1.433
1252;0.8347;5.744;0.9209;1.433
1253;0.8347;5.744;0.9089;1.432
1254;0.8347;5.746;0.8849;1.432
1255;0.8383;5.75;0.8664;1.432
1256;0.8383;5.757;0.8554;1.432
1257;0.8383;5.763;0.847;1.432
1258;0.8383;5.773;0.8406;1.432
1259;0.8383;5.789;0.836;1.432
1260;0.8347;5.806;0.8332;1.431
1261;0.8347;5.83;0.8304;1.431
1262;0.8383;5.853;0.8286;1.432
1263;0.8418;5.859;0.8258;1.431
1264;0.8418;5.857;0.8258;1.431
1265;0.8453;5.855;0.8258;1.43
1266;0.8453;5.855;0.8249;1.43
1267;0.8488;5.855;0.8249;1.43
1268;0.8488;5.857;0.8249;1.43
1269;0.8523;5.859;0.8249;1.429
1270;0.8488;5.867;0.8258;1.427
1271;0.8453;5.878;0.8239;1.427
1272;0.8453;5.894;0.8239;1.426
1273;0.8453;5.908;0.8239;1.426
1274;0.8453;5.921;0.8212;1.426
1275;0.8453;5.937;0.8193;1.427
1276;0.8453;5.949;0.8184;1.427
1277;0.8453;5.956;0.8184;1.423
1278;0.8453;5.958;0.8184;1.417
1279;0.8418;5.954;0.8184;1.413
1280;0.8418;5.952;0.8184;1.409
1281;0.8418;5.949;0.8184;1.404
1282;0.8453;5.95;0.8184;1.401
1283;0.8453;5.952;0.8184;1.4
1284;0.8453;5.954;0.8184;1.401
1285;0.8488;5.958;0.8193;1.401
1286;0.8488;5.962;0.8193;1.401
1287;0.8488;5.964;0.8193;1.401
1288;0.8488;5.966;0.8184;1.401
1289;0.8488;5.974;0.8166;1.402
1290;0.8488;5.982;0.8166;1.402
1291;0.8523;5.986;0.8156;1.402
1292;0.8523;5.991;0.8156;1.402
1293;0.8523;5.997;0.8147;1.397
1294;0.8523;6.005;0.8147;1.387
1295;0.8523;6.009;0.8147;1.379
1296;0.8488;6.011;0.8147;1.365
1297;0.8488;6.009;0.8138;1.342
1298;0.8488;6.011;0.8119;1.322
1299;0.8488;6.025;0.8119;1.301
1300;0.8488;6.04;0.8119;1.276
1301;0.8523;6.054;0.811;1.261
1302;0.8523;6.073;0.811;1.25
1303;0.8523;6.099;0.811;1.235
1304;0.8523;6.126;0.811;1.227
1305;0.8523;6.165;0.8119;1.23
1306;0.8523;6.22;0.8119;1.232
1307;0.8488;6.282;0.8119;1.234
1308;0.8488;6.345;0.8119;1.234
1309;0.8488;6.405;0.8119;1.231
1310;0.8453;6.466;0.8092;1.23
1311;0.8418;6.518;0.8055;1.228
1312;0.8418;6.563;0.8046;1.221
1313;0.8383;6.598;0.8055;1.209
1314;0.8383;6.61;0.8055;1.194
1315;0.8418;6.598;0.8055;1.176
1316;0.8418;6.579;0.8064;1.158
1317;0.8418;6.561;0.8073;1.147
1318;0.8418;6.547;0.8073;1.137
1319;0.8418;6.546;0.8064;1.126
1320;0.8418;6.546;0.8073;1.124
1321;0.8383;6.549;0.8064;1.124
1322;0.8383;6.569;0.8046;1.124
1323;0.8383;6.602;0.8036;1.125
1324;0.8383;6.643;0.8036;1.125
1325;0.8347;6.686;0.8036;1.124
1326;0.8347;6.721;0.8027;1.124
1327;0.8347;6.739;0.799;1.123
1328;0.8347;6.735;0.7944;1.123
1329;0.8347;6.725;0.7925;1.122
1330;0.8347;6.719;0.7916;1.119
1331;0.8347;6.713;0.7888;1.116
1332;0.8347;6.709;0.7879;1.114
1333;0.8347;6.713;0.7861;1.112
1334;0.8347;6.725;0.7815;1.111
1335;0.8347;6.743;0.7778;1.11
1336;0.8347;6.754;0.7759;1.11
1337;0.8347;6.762;0.7768;1.11
1338;0.8312;6.764;0.7778;1.11
1339;0.8277;6.756;0.7796;1.11
1340;0.8242;6.741;0.7805;1.111
1341;0.8242;6.733;0.7815;1.11
1342;0.8242;6.733;0.7805;1.11
1343;0.8171;6.735;0.7815;1.11
1344;0.8171;6.735;0.7648;1.109
1345;0.8171;6.733;0.7343;1.108
1346;0.8136;6.733;0.7186;1.107
1347;0.8101;6.729;0.7103;1.107
1348;0.8101;6.719;0.7039;1.107
1349;0.8101;6.713;0.6956;1.103
1350;0.8136;6.713;0.69;1.098
1351;0.8136;6.711;0.69;1.092
1352;0.8136;6.7;0.6909;1.087
1353;0.8066;6.68;0.6891;1.08
1354;0.803;6.661;0.6845;1.071
1355;0.803;6.647;0.6771;1.057
1356;0.803;6.631;0.6743;1.043
1357;0.803;6.616;0.6743;1.035
1358;0.803;6.602;0.6697;1.028
1359;0.803;6.583;0.6678;1.015
1360;0.803;6.555;0.6678;0.9985
1361;0.803;6.53;0.6678;0.9864
1362;0.803;6.51;0.6669;0.9796
1363;0.7995;6.497;0.6669;0.9754
1364;0.7995;6.489;0.6678;0.9712
1365;0.7995;6.485;0.6678;0.967
1366;0.7995;6.485;0.666;0.9665
1367;0.803;6.485;0.6632;0.9691
1368;0.803;6.485;0.6586;0.9696
1369;0.803;6.487;0.6568;0.9696
1370;0.803;6.487;0.6577;0.9706
1371;0.803;6.487;0.6577;0.9717
1372;0.803;6.485;0.6503;0.9706
1373;0.7995;6.479;0.6346;0.9748
1374;0.796;6.469;0.6115;0.9869
1375;0.7925;6.458;0.5884;0.9911
1376;0.7925;6.438;0.5718;0.9916
1377;0.7889;6.415;0.5551;0.9937
1378;0.7854;6.387;0.533;0.9927
1379;0.7819;6.36;0.5191;0.9922
1380;0.7819;6.339;0.5127;0.9937
1381;0.7819;6.325;0.508;0.9948
1382;0.7784;6.321;0.5034;0.9948
1383;0.7784;6.331;0.5007;0.9927
1384;0.7784;6.345;0.4979;0.9916
1385;0.7819;6.352;0.4979;0.9916
1386;0.7819;6.354;0.4988;0.9922
1387;0.7819;6.352;0.4979;0.9922
1388;0.7819;6.347;0.497;0.9911
1389;0.7819;6.339;0.497;0.9906
1390;0.7819;6.335;0.497;0.9901
1391;0.7819;6.335;0.497;0.9895
1392;0.7819;6.329;0.496;0.9864
1393;0.7819;6.315;0.496;0.9817
1394;0.7819;6.302;0.496;0.978
1395;0.7819;6.306;0.4979;0.9748
1396;0.7819;6.327;0.5016;0.9717
1397;0.7819;6.341;0.4997;0.9712
1398;0.7819;6.333;0.4997;0.9722
1399;0.7819;6.313;0.4997;0.9717
1400;0.7784;6.288;0.4997;0.9722
1401;0.7784;6.268;0.5007;0.9748
1402;0.7784;6.259;0.5007;0.9764
1403;0.7784;6.263;0.5007;0.9748
1404;0.7749;6.276;0.5034;0.9743
1405;0.7678;6.286;0.508;0.9733
1406;0.7678;6.294;0.5117;0.9712
1407;0.7678;6.306;0.5127;0.9696
1408;0.7643;6.329;0.5127;0.9706
1409;0.7608;6.358;0.5127;0.9722
1410;0.7608;6.391;0.5117;0.9706
1411;0.7608;6.419;0.5117;0.9701
1412;0.7572;6.438;0.5117;0.9717
1413;0.7537;6.45;0.5127;0.9733
1414;0.7502;6.458;0.5136;0.9717
1415;0.7502;6.464;0.5127;0.9701
1416;0.7467;6.471;0.5136;0.9727
1417;0.7432;6.479;0.5164;0.979
1418;0.7432;6.487;0.5164;0.9848
1419;0.7396;6.489;0.5154;0.9885
1420;0.7361;6.483;0.5145;0.9927
1421;0.7361;6.475;0.5136;0.9948
1422;0.7326;6.469;0.5117;0.9953
1423;0.722;6.469;0.5108;0.9948
1424;0.7185;6.473;0.5099;0.9943
1425;0.7185;6.481;0.509;0.9943
1426;0.7185;6.481;0.509;0.9948
1427;0.715;6.475;0.509;0.9943
1428;0.7115;6.464;0.508;0.9953
1429;0.7115;6.448;0.508;0.9953
1430;0.7115;6.425;0.5071;0.9943
1431;0.7115;6.395;0.508;0.9943
1432;0.7115;6.368;0.5108;0.9943
1433;0.7115;6.348;0.5108;0.9943
1434;0.7115;6.333;0.508;0.9943
1435;0.7115;6.323;0.5043;0.9953
1436;0.7079;6.321;0.5007;0.9964
1437;0.7079;6.325;0.4979;0.9958
1438;0.7115;6.337;0.496;0.9953
1439;0.7115;6.36;0.496;0.9943
1440;0.7079;6.386;0.4951;0.9932
1441;0.7079;6.399;0.4951;0.9943
1442;0.7079;6.395;0.496;0.9974
1443;0.7079;6.382;0.4933;0.999
1444;0.7079;6.362;0.4942;0.999
1445;0.7079;6.339;0.4923;0.999
1446;0.7044;6.319;0.4914;0.9995
1447;0.7044;6.307;0.4905;0.9979
1448;0.7044;6.302;0.4905;0.9927
1449;0.7009;6.298;0.4886;0.988
1450;0.7009;6.294;0.4886;0.9848
1451;0.7009;6.294;0.4896;0.9838
1452;0.7009;6.294;0.4886;0.9827
1453;0.7009;6.292;0.4886;0.9806
1454;0.6974;6.292;0.4877;0.9769
1455;0.6974;6.292;0.4849;0.9764
1456;0.6938;6.292;0.484;0.9764
1457;0.6974;6.292;0.4831;0.9769
1458;0.6974;6.292;0.4813;0.9775
1459;0.6903;6.292;0.4785;0.978
1460;0.6903;6.292;0.4766;0.978
1461;0.6903;6.292;0.4739;0.9785
1462;0.6903;6.292;0.4739;0.978
1463;0.6903;6.292;0.4729;0.9754
1464;0.6903;6.29;0.4683;0.9748
1465;0.6903;6.29;0.4646;0.9743
1466;0.6903;6.288;0.4637;0.9733
1467;0.6903;6.29;0.4628;0.9727
1468;0.6903;6.29;0.4628;0.9691
1469;0.6903;6.29;0.4628;0.9675
1470;0.6903;6.288;0.4628;0.9675
1471;0.6833;6.29;0.46;0.9675
1472;0.6798;6.29;0.46;0.9659
1473;0.6798;6.29;0.46;0.9691
1474;0.6798;6.286;0.46;0.9722
1475;0.6833;6.272;0.46;0.9733
1476;0.6798;6.259;0.46;0.9727
1477;0.6762;6.249;0.46;0.9727
1478;0.6762;6.239;0.46;0.9727
1479;0.6762;6.228;0.46;0.9722
1480;0.6762;6.222;0.46;0.9717
1481;0.6762;6.216;0.4609;0.9717
1482;0.6762;6.208;0.4609;0.9748
1483;0.6762;6.206;0.4619;0.9764
1484;0.6762;6.208;0.4619;0.9764
1485;0.6762;6.208;0.4619;0.9764
1486;0.6762;6.206;0.4619;0.9754
1487;0.6762;6.202;0.4628;0.9769
1488;0.6762;6.198;0.4628;0.979
1489;0.6762;6.196;0.4628;0.979
1490;0.6762;6.198;0.4619;0.9785
1491;0.6762;6.198;0.4619;0.979
1492;0.6762;6.202;0.4628;0.979
1493;0.6798;6.206;0.4637;0.979
1494;0.6833;6.21;0.4628;0.979
1495;0.6798;6.216;0.4619;0.9796
1496;0.6798;6.224;0.4609;0.9801
1497;0.6798;6.231;0.46;0.9817
1498;0.6798;6.237;0.46;0.9817
1499;0.6798;6.241;0.4609;0.9785
1500;0.6762;6.243;0.4609;0.9822
